     clean_test budget_2013. domgross_2013.
1        notalk     13000000       25682380
2            ok     45658735       13611086
3        notalk     20000000       53107035
4        notalk     61000000       75612460
5           men     40000000       95020213
6           men    225000000       38362475
7        notalk     92000000       67349198
8            ok     12000000       15323921
9            ok     13000000       18007317
10       notalk    130000000       60522097
11           ok     40000000      148430908
12           ok     25000000       37304874
13           ok     50000000       19452138
14           ok     18000000       33345833
15       notalk     55000000      107136417
16           ok     30000000       35266619
17      nowomen     78000000      119640264
18           ok     76000000      368065385
19      dubious      5500000       24477704
20           ok    120000000       93050117
21          men    110000000       61737191
22           ok    100000000      107518682
23           ok     40000000       57012977
24          men     70000000       25213103
25           ok     17000000       54239856
26           ok    160000000      238679850
27           ok    150000000      393050114
28           ok    140000000      122523060
29       notalk     60000000       46000903
30           ok     30000000        4167493
31      nowomen    110000000      271814796
32          men     80000000      133668525
33           ok     50000000       55703475
34          men     23000000       25000178
35          men     35000000      134506920
36          men      5000000       83586447
37      dubious    200000000      408992272
38      nowomen    195000000       65187603
39           ok     28000000       28795985
40       notalk     28000000       63914167
41           ok     30000000      116632095
42           ok      2000000        8008161
43           ok     15000000       71628180
44           ok    225000000      291045518
45           ok     12000000       17482517
46       notalk     75000000      117723989
47          men    120000000       89107235
48       notalk     70000000       98927592
49           ok    200000000      234770996
50       notalk    190000000      101802906
51       notalk     26000000       49875291
52           ok     35000000       17616641
53      dubious     15000000        9177065
54           ok     90000000       68559554
55           ok     46000000       61002302
56       notalk    130000000       33618855
57           ok     84000000       53262560
58       notalk     38000000       42025135
59      nowomen     30000000       19316646
60       notalk     38000000       26947624
61           ok     28000000       71399120
62           ok     35000000       82834332
63           ok     30000000       32172757
64       notalk    190000000      228778661
65           ok     20000000       34341945
66           ok     32500000       21819348
67           ok     19000000       21345525
68           ok     13000000       51872378
69           ok     20000000      137400141
70           ok     25000000       16973715
71          men    135000000      187168425
72          men     30000000       36918811
73       notalk     26000000        3254172
74      nowomen     19200000             NA
75      dubious    190000000      144840419
76          men    103000000      112200072
77           ok     43000000      159581587
78       notalk    250000000      257397516
79      dubious     50000000       26623701
80           ok    130000000      424088260
81       notalk     32000000       22537881
82       notalk     58000000       44672764
83           ok      4000000       15179303
84       notalk    275000000       89289910
85           ok     60000000       31165421
86      dubious      3000000       64473115
87           ok    110000000       71017784
88           ok      1500000        3491669
89           ok      5000000       21502690
90       notalk    100000000      115702857
91           ok    115000000      132556852
92          men     20000000       26004851
93       notalk     32000000      101470202
94      dubious    170000000      204674790
95      nowomen     16000000        2322593
96      dubious    135000000       83028130
97          men     30000000       66380662
98           ok     37000000      150394119
99          men    150000000       73103784
100     dubious    190000000      202359711
101     dubious     68488103       38068365
102     nowomen     12175663       71037735
103     dubious      9841994        6837603
104         men     49717290       13003980
105          ok     45151416      138016721
106      notalk    212059460       66190353
107     dubious      1826349       12983057
108          ok      1217566         603728
109          ok    187708135      240755653
110     nowomen     55805121        9628746
111      notalk      1014639       18384886
112      notalk     12175663       65520463
113          ok    103493134       27505098
114          ok     25365964       67501874
115      notalk    101463857      165188672
116     dubious     31453796       95145068
117     nowomen     39570904       35804351
118          ok     88273555      167508980
119          ok     86244278      150484138
120      notalk     60878314       81242857
121         men      3500503         697244
122          ok    279025606       74128153
123     nowomen     15219578       15164322
124          ok     65951507      150988132
125      notalk    121756628      126816653
126          ok     65951507      184875236
127         men    147122592      219559143
128      notalk    218147292      181641463
129     dubious     86244278       65885725
130          ok     16234217       46178703
131     dubious      8117109       22879428
132          ok     42614820       26801198
133          ok      5073193       54689359
134      notalk     60878314       56822855
135          ok     25365964       78398378
136          ok     16234217       12613776
137          ok     17248856       65952616
138          ok     35512350       20572249
139      notalk     65951507       45462690
140         men     58849037       50606496
141      notalk    147122592      104926572
142          ok     71024700       39082470
143      notalk     33483073       17393015
144          ok       760979        4069672
145      notalk     13697621       15243980
146          ok     20292771       17786836
147          ok     21307410      134026609
148         men      3043916       48790826
149     dubious    202927713      308815675
150          ok    172488556      157407735
151          ok     10146386       24754613
152          ok      5073193       14331045
153          ok     33483073       35588120
154         men        60878           4989
155         men     50731928      221866693
156      notalk     68488103       37471707
157         men    223220484      265866416
158      notalk     60878314       23727745
159      notalk    279025606      454699213
160          ok      1014639       54041622
161      notalk     65951507       60523416
162          ok    101463857       86272883
163     nowomen     25365964       52335195
164     nowomen    253659641      307439106
165          ok     81171085      413983383
166         men     40585543       19298306
167      notalk     15219578       15862951
168      notalk     38048946       16484994
169      notalk     55805121       31505670
170      notalk     15219578       21716836
171     dubious    138193773      296603952
172          ok      8866236      126844056
173         men     55805121       34855879
174      notalk     15219578       55128651
175      notalk      6087831       11663106
176          ok     12175663       92887325
177         men     21814729       16928587
178      notalk    126829821       59739858
179          ok     71024700       63233330
180          ok     32975753       17541229
181          ok     38048946       41754612
182          ok     19278133        5388293
183      notalk    152195785       84894893
184          ok    167415363      192185407
185          ok     53268525       97121930
186      notalk     28999342       38376408
187         men      8285526       36265871
188     dubious     20713816        5905595
189          ok      4142763             NA
190      notalk     20713816       36312387
191          ok       181246        1368348
192     nowomen      5178454       18318189
193      notalk     88033717       48120751
194          ok     13463980        1060729
195          ok     19678125      103872387
196      notalk     72498355       86534481
197      notalk     17606743       28860115
198      notalk      4660609         207716
199          ok     33659951      175142277
200      notalk    144996710      182959443
201         men    207138157      198283907
202          ok       932122         470329
203      notalk     41427631       37974487
204     dubious     20713816       39629760
205          ok     62141447       78358394
206         men     10356908         776396
207      notalk    168817598      103818215
208          ok     10356908             NA
209      notalk     18642434       54579387
210         men     38320559       74866751
211          ok     51784539       22062637
212     dubious     15535362       36312033
213          ok    129461348      217326947
214         men     41427631       44107629
215          ok     24856579       53651623
216     dubious     31070724       18951742
217      notalk    207138157      120762760
218         men     37284868       46668987
219          ok     31070724       41695999
220      notalk    129461348      394609809
221     nowomen     23820888       19618465
222      notalk      7249836         396614
223          ok      1864243         871074
224     nowomen      3107072         728476
225         men     65248520      111942955
226          ok     36249178      121733603
227     dubious    186424342       76500789
228      notalk     51784539       57067015
229         men     77676809       86484341
230      notalk     36249178       38894261
231          ok      5696299        5779651
232          ok    103569079         322549
233     dubious     46606085        8602417
234          ok      7249836       38626496
235     dubious     82855263      106705263
236     dubious       828553          30100
237     nowomen     72498355       26021717
238          ok    155353618      171146932
239     dubious      5696299         633541
240          ok       258923        3516575
241      notalk     27963651       82077930
242          ok     14499671          48869
243      notalk      3521349        5544660
244     dubious    155353618       22156282
245          ok      1035691        3087434
246          ok      9735493        3139021
247          ok     31070724       58844493
248      notalk    150175164      216871479
249      notalk     51784539       78303911
250      notalk     56962993       70659436
251          ok     26927960       56491379
252          ok     25892270       73184210
253          ok      1035691        5547001
254          ok      5178454       25700491
255          ok      5178454      107741677
256          ok     41427631       38748242
257      notalk    258922697      249667634
258      notalk     62141447       30176535
259      notalk    134639802      154587729
260      notalk    139818256      127656741
261      notalk    113925987       88513562
262          ok     43499013       39006354
263          ok      4142763        1103455
264          ok      8285526         169597
265      notalk     93212171      148745713
266      notalk     96319243      183068895
267      notalk      6731990        4145138
268          ok      6214145        1396324
269          ok     18642434       45418587
270      notalk     33142105       56664949
271          ok     25892270       10692928
272          ok     77676809       37691379
273          ok     51784539      131537058
274          ok      4919531        1790661
275     dubious     51991677       64726164
276      notalk    134639802       80361144
277      notalk     16571053       46261299
278          ok     10356908       48039108
279     dubious     31070724       43574905
280          ok     36042039       22208829
281          ok      3107072          18642
282          ok      1035691         588958
283      notalk     93212171      106174662
284      notalk    113925987      102305579
285      notalk      6214145        5551069
286          ok     25892270      175762513
287          ok     14499671       31028712
288      notalk     41427631       60079594
289     nowomen     44016858       30160867
290      notalk     46606085       91789051
291     dubious     38320559       34227129
292          ok     16571053       38631377
293          ok    113925987      147704169
294         men     93212171       21105217
295     nowomen     36249178       13780555
296          ok    132050575      291326492
297          ok    155353618      187491749
298      notalk     21749507       25011304
299      notalk     88033717       80832113
300          ok    201959703      364967639
301      notalk     72498355       82734459
302      notalk     25892270       14144548
303         men     51784539       78323650
304      notalk       196781         501887
305          ok     20713816       14511151
306     nowomen     31070724       27645535
307          ok    165710526      151633733
308          ok     12428289       16893744
309          ok       124283        1654502
310     dubious     19228173       19586277
311          ok    213646368      356993585
312      notalk      4486574        1115276
313          ok      8545855        3424437
314          ok     32046955        8014473
315      notalk      3418342        6186017
316      notalk     37388114        5449304
317          ok     13887014      114252393
318         men      1068232       10402326
319          ok     58752751       42131764
320      notalk     13352898        2179053
321      notalk     16023478         132001
322      notalk     47002201       33335524
323     dubious    133528980      174351340
324          ok     13352898        7261515
325      notalk     39524578       47937418
326          ok     16023478       21598495
327      notalk      7477623        7978555
328          ok     58752751      105446665
329     nowomen     26705796       85474402
330          ok     73707997      268675247
331          ok     10682318       35977680
332          ok     16023478       68370710
333      notalk     73707997       78009058
334          ok     26705796       25687431
335      notalk     69435070      107399007
336     nowomen     21364637        1267498
337          ok      8545855       62386303
338          ok     64093910       86071723
339      notalk     64093910       46269276
340      notalk      5341159        2897185
341          ok     53411592       12281992
342     nowomen     12818782       24825729
343          ok     22432869       40304065
344      notalk    160234776      419868647
345      notalk     42729274       65326144
346          ok     34183419       19019119
347     nowomen    106823184       37919386
348          ok     80117388      173054825
349         men     10575495         489308
350          ok    133528980      316178791
351      notalk     38456346       53699864
352          ok    176258254      232427199
353          ok     10682318        5346997
354     dubious    170917095      312539208
355          ok      1602348       57694294
356          ok    181599413      333751233
357      notalk      8545855        6797830
358      notalk     29910492       51351297
359         men    124983125       81637519
360          ok     27774028       42908822
361      notalk     21364637       12962924
362     dubious     32046955       56650955
363         men     32046955       34575465
364          ok     13352898       28408179
365          ok      8545855        1170108
366         men      2136464        1044487
367     nowomen    138870139      158542540
368     nowomen       534116         253492
369          ok     42729274       33127720
370          ok     37388114       31189851
371          ok     16023478        2600773
372          ok      3204696       90535754
373     dubious    101482025       94825128
374          ok      3204696        4308792
375     nowomen     42729274       55548791
376     nowomen    213646368       96952376
377          ok      5341159        2381151
378          ok     16023478       27952425
379         men     64093910       96546967
380          ok     17091709       20369301
381          ok     34183419       14893296
382     dubious    224328687      112684730
383          ok    138870139      126383971
384          ok     90799707       33768214
385          ok     37388114       63772921
386          ok    101482025      101853441
387      notalk    176258254      255026238
388      notalk     85458547      136747492
389     dubious     10682318       22877632
390     dubious      7477623        1907483
391      notalk      2029641         499507
392      notalk      2670580         350077
393      notalk     34183419       61684749
394          ok    277740279      214524387
395     nowomen    117505503       82491105
396          ok     37388114       40048019
397          ok    165575935      111509464
398     dubious     26705796       12325477
399          ok     20296405       41793064
400          ok     21364637       33304850
401      notalk     87595011      110101079
402         men     11750550      100004670
403         men     48070433       16601978
404     nowomen     17625825       42588953
405     dubious     42729274      188640789
406          ok      4272927       22231363
407      notalk     13887014         232102
408          ok     16023478      148267855
409      notalk    160234776      140763246
410          ok      1922817       43834199
411      notalk     26705796       25201119
412          ok     32046955       22591662
413     nowomen    106823184      127354577
414          ok     10148202        3817511
415      notalk     42729274      103578637
416      notalk    170917095       67459899
417          ok     29910492       25965625
418         men     20296405       29652476
419          ok     21364637         296908
420     nowomen    106823184       72245755
421      notalk     39524578       98476300
422          ok     72639765      321037586
423      notalk    160234776       66433214
424          ok        53412         418399
425     dubious    213646368      443321427
426      notalk    213646368      183802922
427          ok     37388114      182927231
428          ok      5341159         239111
429     dubious    101482025       87128132
430          ok     55548056      118024294
431     dubious     74776229       56055056
432          ok     10682318         163287
433      notalk      8545855         116798
434          ok      2136464        6977159
435          ok     13887014             NA
436     nowomen     85458547      107085981
437          ok     21364637       27455751
438          ok     16023478        3469420
439      notalk      8142987       35168338
440          ok     43429264       69668214
441      notalk    217146319      180353228
442     nowomen     32571948       34471863
443     dubious     15200242       16845625
444         men      7600121       10019987
445      notalk      7600121        9962673
446         men      3474341        2472641
447         men     10640170       17419505
448      notalk     76001212         672527
449         men      1085732         675172
450          ok     16285974       36766024
451          ok      8142987       13652981
452     nowomen    162859739      144810370
453     nowomen     21714632       17359628
454     dubious     70572554       21227211
455         men    461435929      825707158
456          ok     22800364       10262276
457     nowomen     45600727       65203101
458          ok     32571948       63749284
459          ok      9228719        4825683
460      notalk     18457437       29492371
461          ok     28229022       30991293
462      notalk     21714632       15594794
463          ok     29314753       14398811
464         men     14114511        3338902
465      notalk    108573160      135575603
466          ok     24971827        6637983
467          ok     65143896       81740638
468      notalk     21714632       32682233
469         men       868585          50749
470      notalk     32571948      125560771
471          ok     32571948       45709979
472      notalk     17371706         366974
473         men     21714632        9998368
474      notalk     43429264       22803533
475      notalk     92287186      168358172
476      notalk     21714632       18708557
477          ok      3257195         406796
478         men     18457437       70574746
479      notalk     78715541       56300661
480      notalk    162859739      129676275
481      notalk    190003029      163078512
482      notalk     54286580       22295397
483      notalk      7600121        9963686
484      notalk      7925841        1974599
485          ok    271432899      327846641
486          ok     43429264      102008450
487     nowomen     19543169             NA
488      notalk     14114511        2212134
489         men     43429264       77564677
490      notalk     97715844      213426283
491     dubious     76001212      131190089
492      notalk     53200848       40705558
493          ok     92287186      122400359
494          ok     17371706       17594056
495          ok     43429264      102194949
496      notalk     54286580       86812530
497      notalk     57543775       79646802
498          ok      4885792         305576
499     dubious     45600727        1367688
500     dubious    190003029      215356519
501      notalk      5428658        5439692
502          ok      7600121        1205715
503         men     15200242       55965069
504          ok     29857619       53418244
505         men     86858528       21363903
506      notalk     54286580       41391219
507     dubious      2062890        1569280
508          ok     13028779         597665
509         men      4668646         216308
510      notalk     43429264       11216534
511     nowomen      7165829            899
512      notalk     65143896       45811424
513          ok     10857316       51644478
514      notalk    111287489      105429554
515          ok     41257801       34538780
516      notalk     97715844      226949041
517          ok     32571948       18468479
518          ok    152002424      279825625
519          ok     65143896       40191563
520      notalk     86858528       41885106
521         men    217146319      136066564
522         men     38000606      277903289
523     nowomen     54286580        8704817
524     nowomen      8685853       11153924
525          ok     27143290       16342407
526          ok      9011572         535587
527          ok     43429264       72176939
528          ok     10857316       28465896
529     dubious     97715844      111304636
530     dubious      1411451         755495
531          ok     10857316         109320
532      notalk     38000606      301097804
533      notalk     32571948        8348849
534      notalk     23886095       36173125
535         men     20086035       20033106
536          ok     19543169        7185227
537          ok    103144502       47896216
538     nowomen     26057558       35208316
539      notalk      7057255        1204793
540          ok    114001818      113351355
541         men     43429264      178014415
542      notalk     27143290        8809919
543     nowomen      8685853         749470
544      notalk     65143896       34439578
545     nowomen    119430476       71063643
546     dubious     42343532       68851502
547         men     41257801       96538057
548          ok     17371706       46328612
549          ok     38000606       11944429
550          ok    228003635      436585563
551      notalk    190003029      318123879
552         men     32571948       91009693
553          ok      9771584             NA
554         men    149830960      116726786
555     dubious     16285974        5761658
556      notalk    108573160       83854815
557          ok     16285974       14161591
558          ok     38000606       11156585
559     dubious    162859739      195304827
560          ok       217146             NA
561      notalk     19543169       16596046
562          ok     25623266       82070762
563          ok     37878971       87835235
564      notalk     21645126       21873909
565         men    140693320       53630131
566          ok     32467689       65470243
567      notalk     21645126       12094392
568          ok     86580505      119158557
569          ok     27056408        3326198
570          ok    162338447      123435400
571      notalk     40043484       65319955
572          ok     59524097       38679626
573      notalk     62770866         317867
574          ok     41125740        8519189
575          ok     27056408       86632922
576          ok     19480614             NA
577      notalk     70346660       39303255
578          ok     54112816       31001030
579          ok      7575794       34893728
580          ok     35714458       11914311
581          ok     21645126       36197653
582      notalk     86580505      109784884
583          ok     15151588        2875321
584         men       541128       36208310
585     nowomen     27056408       15740274
586          ok     32467689       68368797
587          ok     86580505      130028810
588      notalk     31385433       20153811
589          ok      1082256        2718061
590          ok     36796715       16331680
591      notalk     21645126       14342754
592         men     27056408      160277075
593          ok      9740307        5288138
594     nowomen    162338447      246696294
595          ok     89286146       82236872
596          ok     11904819       98008500
597         men     32467689       21134953
598      notalk     16233845        8442492
599      notalk    200217418      343101064
600          ok     64935379       18726740
601         men    201299674      344811326
602      notalk     48701534      110070196
603      notalk     89286146       87844867
604      notalk    140693320      233155446
605      notalk      4870153        2296640
606         men     43290252       49797572
607          ok     37878971       44034081
608      notalk     64935379       12774146
609      notalk     21645126       34460447
610         men     48701534        8568101
611          ok     10822563       34077322
612          ok     40043484       51955621
613         men     28138664       94525760
614     nowomen      1623384           4183
615          ok     27056408       10934736
616          ok     19480614       47477881
617      notalk    248918952      183300049
618          ok     12987076       34298662
619          ok     12987076       13849484
620          ok     48701534       24796094
621      notalk     19480614        6169538
622          ok     58441841       75705803
623          ok     62229738      165203458
624      notalk     15151588      152944384
625          ok    129870757       47560583
626     dubious      7575794             NA
627      notalk     70346660      108732985
628          ok      5411282       13054780
629     dubious     21645126        3337178
630          ok     27056408      156928235
631          ok     21645126       32533339
632     dubious     21645126        3822265
633          ok    243507670      153270751
634     dubious    173161010      137997773
635     dubious    200217418      577216380
636          ok     86580505       85895413
637          ok     12987076       34003083
638      notalk     59524097       56358790
639          ok     27056408       52205219
640      notalk     16233845       18417633
641      notalk    148810243      145895632
642          ok     15151588         288927
643          ok     43290252       29020656
644      notalk     35173330       37007113
645          ok     11904819       40876996
646          ok     29220920       47716642
647     dubious      9740307       56924095
648          ok     64935379       55062111
649          ok     17316101       29114940
650      notalk      6493538       28396504
651      notalk     21645126             NA
652          ok     16233845        2384904
653     nowomen     97403068      119547447
654          ok     40043484      208626391
655      notalk     97403068       89911432
656          ok     17316101       25126430
657      notalk    194806136      242217798
658     nowomen      2164513        2471710
659      notalk     81169223      145572728
660     dubious     29762049       45927188
661          ok       324677         936904
662          ok     37878971       86880989
663      notalk     54112816      105726675
664          ok      2359441             NA
665          ok     25279728       80878983
666          ok     16853152       32177067
667     nowomen     53930087       60229701
668         men     33706305       44457488
669      notalk     33706305       19022584
670          ok     50559457       27351175
671          ok     33706305       57278425
672          ok     18538467       20969716
673          ok    168531522       92349898
674          ok     68536152      133246132
675          ok     28088587       92393631
676          ok      8988348         514844
677         men     13482522        4438327
678          ok     84265761       74896639
679          ok     23594413       48019515
680          ok      3089745        1070310
681          ok     22470870       90119077
682          ok     56177174       19303898
683          ok     95501196      143484229
684     dubious    134825218      148219809
685          ok     21347326       22808178
686          ok     84265761      133557691
687          ok     16853152       65467925
688      notalk     56177174       31088139
689          ok    168531522      328080020
690     nowomen     19662011       44590850
691          ok      8426576       19712359
692      notalk     17976696       26536733
693      notalk     28088587       15660322
694          ok    168531522      288068696
695      notalk     22470870       20621917
696          ok      7864804      161223170
697          ok     30897446      167140312
698          ok     14044294        6692364
699      notalk    123589783      151149634
700         men     24156185       55091699
701         men     44941739       56820503
702     dubious     28088587       83449513
703          ok     31459218       48433689
704     dubious       505595      121251476
705          ok      8201867        4992356
706          ok    337063045      347647302
707          ok     22470870       53764481
708     nowomen    168531522      231950669
709          ok     50559457       56905993
710      notalk    202237827      157437618
711      notalk     67412609       52810568
712          ok    179766957      362589890
713          ok     12808396          16853
714          ok     78648044       43408033
715      notalk     44941739        4144258
716      notalk     19662011      136469216
717          ok     18538467       13361645
718     dubious      2247087         390519
719      notalk     50559457      105013679
720          ok    230326414       78769081
721     nowomen     22470870       17752075
722      notalk       224709             NA
723          ok     17976696       39745163
724          ok     14606065       28755697
725      notalk     35953391       39541053
726          ok     10111891        7441321
727         men        56177         282178
728          ok     81456903      205760152
729     dubious      4494174       10591674
730     nowomen     28088587       45191743
731      notalk     39324022       60838866
732      notalk    169655066      358686980
733          ok      7345604           9824
734          ok      1685315       21456928
735     nowomen     31459218       32091974
736      notalk     11235435             NA
737     nowomen     69347781      243427977
738      notalk     23115927        6358748
739          ok      9246371       21784947
740          ok     13869556       21494740
741          ok     40452872             NA
742          ok     10402167       18765207
743      notalk    115579635       66317186
744      notalk      9246371       14645442
745      notalk     20804334      148526717
746          ok      4623185        8098328
747      notalk     80905744      282110219
748      notalk    117891227      193439856
749          ok     87840522       41091314
750     dubious      5778982       27910249
751     nowomen     13869556       32175530
752     nowomen      2311593       13042765
753          ok     34673890         555145
754          ok     18492742       43497951
755      notalk    115579635       86719588
756         men      9246371         344554
757          ok     28894909       62526330
758     nowomen    172213656       74740347
759          ok     13869556        6414581
760          ok      7512676       15451191
761      notalk     86684726      225762418
762          ok     17336945       14643840
763     dubious     57789817      102443127
764      notalk     12713760       84117369
765         men     86684726       48873044
766          ok     52010836       44382535
767      notalk     15025353       15899229
768          ok     16181149        6314137
769          ok      9246371       69221912
770          ok       953532             NA
771      notalk     31206501       26000177
772      notalk     23115927       43275535
773          ok     46231854       18449366
774          ok     34673890        3473867
775          ok     86684726       85137126
776     nowomen     36985483       92692547
777          ok    127137598      289946849
778          ok     31784400       20238130
779         men       173369       10917487
780      notalk     98242689       98364347
781     dubious     15025353        5614135
782          ok     73624227        2569674
783         men    260054178      489266869
784         men    184927415       70127732
785          ok       462319        1956408
786          ok      6125721        2540087
787          ok     13869556        7928763
788         men     28894909       39168966
789     dubious      2311593         230207
790          ok      2311593        2294593
791          ok     57789817       54302354
792          ok     17625894        9018043
793     dubious     19648538       41218854
794          ok     38141279       39321133
795          ok     19648538         318283
796          ok     23115927       31103330
797          ok     34673890       46734845
798      notalk    268144752      231297965
799          ok     34673890       40154753
800         men     52010836       32527039
801      notalk     60101410      137316349
802      notalk    144474543      251427474
803          ok      3814128          22971
804      notalk    104021671      154080367
805          ok     40452872      144174568
806     dubious     40452872       11724410
807          ok     23115927       45242306
808      notalk      4276446        3155666
809          ok     98242689       73138793
810          ok     57789817       30771576
811     nowomen     19070640       46080031
812     dubious     46231854       60482951
813     dubious     22422449        9316281
814      notalk     46231854       61361102
815     nowomen     63568799      187916346
816     dubious     17336945       65235123
817      notalk      9593110        2114116
818      notalk     34673890       21407734
819          ok     10864486       14909619
820      notalk     75126763       50329573
821          ok     17336945       55316660
822      notalk      1155796         515676
823          ok    242717233      270875277
824      notalk     62413003       87611686
825          ok     40452872       13857222
826          ok     25427520        5083807
827          ok     65616822       30849435
828          ok     35790994       23909452
829      notalk    178954969      244981925
830          ok     29825828       43368365
831          ok     95442650       75534696
832     dubious     29825828        2869746
833         men     23860663       55777141
834          ok      3459796        3731178
835      notalk       536865        2476430
836      notalk     16583160       99073958
837     dubious      8351232       34300335
838          ok    178954969      246312517
839          ok      5368649         252526
840         men    104986915       73550386
841          ok     53686491       80249227
842      notalk     89477485       90642097
843     nowomen       536865         452658
844     dubious     35790994       63659187
845          ok     41756160       23019456
846      notalk     51300425       29274195
847          ok     71581988       30390244
848      notalk      9544265          27566
849          ok     59651656       12132195
850      notalk     83512319       33658253
851      notalk    104390399      184557548
852          ok     65616822      107023409
853          ok    167024638      131889812
854      notalk      8351232       37581997
855          ok      1133381        1222429
856      notalk    178954969      345995160
857          ok     59651656       78752930
858          ok     29825828       60964573
859         men     65616822      212102508
860          ok     20878080       61305929
861      notalk      5726559       56462050
862     dubious      3340493       26488687
863          ok     29825828       29087739
864     nowomen     85898385       74740591
865          ok      1193033        3194955
866          ok     69195921       57645130
867     nowomen    246957858      260176695
868     nowomen    131233644       56547877
869      notalk     17895497        5053494
870         men     50107391       28811311
871     nowomen     89477485      230965870
872          ok     59651656       23502402
873          ok     17895497       27547047
874          ok      2386066        4635094
875          ok    101407816       68015836
876          ok      4772133        1031925
877          ok     71581988       57835867
878         men    131233644      222305354
879      notalk     89477485       56524824
880          ok     35790994       21861428
881      notalk     77547153        2470676
882          ok     33404928       45779857
883          ok     23860663        8989900
884          ok     31018861       69066839
885          ok     47721325       34690477
886      notalk     95442650      152946861
887     dubious      5965166      103823819
888          ok     46528292       30439664
889         men      8947748       12269777
890          ok     47721325       88408312
891          ok       357910          39742
892          ok     71581988       76281887
893      notalk    119303313       20303541
894      notalk    137198810      453675396
895      notalk    164638572       38316342
896          ok      2386066        2472734
897      notalk      8947748       29579478
898         men     31018861      130576566
899      notalk     59651656       46740275
900          ok     22071113       77825570
901          ok      1789550         849790
902          ok    214745963      348020836
903          ok     30422345       40061811
904          ok      8351232       31048038
905          ok      8351232       20335227
906          ok     21474596       89563925
907          ok     21474596       35207734
908      notalk     53686491       60867491
909          ok    143163975       42733150
910         men     34001444        7517458
911      notalk     95442650       54372886
912     dubious     35790994       15165948
913          ok     59651656       90600996
914          ok     47721325       57155491
915         men      1789550        8795916
916          ok     17895497       37851356
917          ok      1193033       10755555
918         men      5666907        1495363
919          ok     59651656       84122001
920          ok      1342162       19237114
921          ok     34597961      142590606
922      notalk    157480373      279504224
923          ok      3579099        6596452
924      notalk     11930331       66922430
925          ok     53686491       63660149
926     nowomen     77547153       33459258
927          ok     36995786       70464299
928          ok     14798315        1778681
929         men     92489466      148941129
930          ok     23430665       63433191
931     dubious      8015754        1268976
932          ok     67825608        7606108
933         men     30829822      103757037
934      notalk    135651216       29601758
935     dubious     86323501       99002076
936     nowomen     18497893        1480098
937     nowomen      2466386        7143667
938          ok     61659644       49578078
939          ok    123319288       49577287
940          ok     55493679       39466636
941          ok     43161751       41913460
942     nowomen     73991573      123529118
943          ok     24663858        9924151
944          ok      9006109       68238010
945          ok      4316175         119364
946          ok     34529401       72746991
947          ok     36995786      140986916
948          ok     43161751       28256983
949         men     24663858       42380545
950          ok     12331929          86973
951          ok     30829822       63727222
952     nowomen     92489466       25908371
953          ok      3082982       33027761
954          ok     11098736       22475144
955          ok    160315074      307729658
956      notalk     73991573       73527840
957          ok    135651216       61692142
958          ok     27130243       15766017
959      notalk    129485252      178567590
960      notalk     32063015       56097638
961          ok     13565122       12596630
962     nowomen     24663858       21093356
963      notalk      8015754        2885618
964          ok    123319288      146290116
965          ok      3946217        8052286
966          ok     22197472      106112827
967          ok     36995786      123926269
968      notalk     34529401       79390606
969          ok      2096428        1234321
970      notalk       493277       54927590
971      notalk     49327715       17287347
972      notalk         8632         523811
973          ok     61659644       46226886
974     dubious     49327715       92866817
975          ok     61659644       62572303
976          ok      6165964       10958349
977         men      1479831       68053804
978      notalk     49327715       59141502
979      notalk     92489466      199052129
980          ok      6165964       16700976
981          ok     86323501      544117065
982          ok     20964279       88176131
983          ok     86323501       46565462
984          ok     92489466       51848757
985      notalk    246638575      460627734
986         men     24663858       40417692
987      notalk    135651216      126536475
988         men    104821395      217149789
989         men     16031507       71432302
990         men    147983145       71170953
991          ok    154149110      230287423
992          ok     12331929      136094379
993          ok    113453745      322407292
994         men     61659644       29604924
995     dubious     36995786       99890827
996         men     67825608       63171287
997      notalk    209642789      240410531
998          ok     55493679      117337605
999          ok    123319288       73344915
1000     notalk     92489466       95047057
1001         ok     88398934      140827568
1002     notalk     36995786       20130602
1003     notalk    184978932      164382856
1004         ok    209642789      148168797
1005         ok     13565122        4629167
1006         ok     24663858       85274051
1007         ok     43161751       20794820
1008     notalk     96222609      160945047
1009    dubious     25321739       20572268
1010     notalk     88626087       84109786
1011         ok     25321739        2980024
1012         ok    102553043      307285628
1013         ok    151930435      127639706
1014         ok    101286957      121079205
1015     notalk     31652174       43879701
1016         ok     75965217      131861413
1017    nowomen    101286957      129829011
1018     notalk      8862609       41198066
1019    nowomen     86093913       42648478
1020         ok     32918261       59375255
1021     notalk    119012174      481783272
1022         ok     32918261      139551191
1023         ok     15193043       14730114
1024         ok      8102957        5145199
1025        men     25321739       85313907
1026     notalk     94956522       38245683
1027         ok     20890435       16466075
1028        men     63304348      133961521
1029     notalk    173453913      167347872
1030     notalk     35450435       66002713
1031         ok     15193043        5972708
1032         ok     31652174       45102830
1033         ok     69634783       88750338
1034    nowomen    113947826       83123367
1035         ok     31652174      114756967
1036         ok      2532174        9244066
1037    dubious      5064348       56449060
1038         ok     56973913       75297075
1039    nowomen    170921739      118918972
1040         ok     82295652       80780273
1041         ok      6330435       43641017
1042         ok     37982609      114118990
1043         ok    126608696       61301208
1044        men    158260870      386677167
1045         ok     35450435       48583127
1046         ok     88626087      147977201
1047         ok     56973913      139269669
1048     notalk     37982609       53265467
1049     notalk     63304348       76560557
1050        men      7596522        2795488
1051        men     75965217       33530353
1052    dubious    101286957      157862359
1053         ok     50643478      141498677
1054         ok      9875478       12825598
1055         ok    215234783      190366677
1056         ok    107617391       39389560
1057     notalk     75965217      134364760
1058    nowomen     25321739       60647568
1059    nowomen    177252174      140675650
1060    nowomen     98754783       84150728
1061     notalk    119012174      478385772
1062         ok    160793043      356471453
1063         ok    139269565      176314964
1064         ok     82295652       34058165
1065    dubious     25321739      102883716
1066         ok      2532174        5825321
1067     notalk    101286957       24664310
1068         ok       949565          52158
1069    dubious     27853913       65799413
1070         ok     12660870       19520239
1071         ok    158260870      272145004
1072        men      5828306       16946895
1073         ok     10361434       58367141
1074         ok     10361434        3984522
1075     notalk     53102348      151178596
1076     notalk     38855376       84193406
1077    dubious     23960815       29139615
1078         ok     11656613         238643
1079     notalk     16189740       27299975
1080     notalk     81596291      276025731
1081         ok      7253004       42149599
1082     notalk     69939678      105786208
1083         ok     38855376       51960544
1084         ok      1942769       27403645
1085         ok     38855376       45676592
1086     notalk     67349319      213195306
1087         ok     38855376      221070926
1088         ok     15542151       48165989
1089        men     64758961       10822278
1090        men    183915449      208448913
1091     notalk     25903584       73045727
1092     notalk     25903584        1541287
1093         ok     17484919       20595744
1094        men     15542151       33525714
1095         ok        38855          99819
1096     notalk    125632384      100674928
1097    nowomen      9066255         329860
1098         ok    129517922      339321257
1099         ok     54397527       53805898
1100     notalk     90662545       43467687
1101    nowomen     84186649      228453301
1102        men     11656613        6187673
1103     notalk     59578244       87117875
1104         ok    103614337      188800252
1105         ok     71234857      121659935
1106         ok      2266564         188500
1107     notalk    181325090      246626476
1108     notalk    132108280      170995666
1109        men     64758961      163572654
1110         ok      6475896      312705749
1111         ok     62168602      123441416
1112     notalk     14246971       60311590
1113         ok     45331273       39254038
1114         ok      9066255        8029593
1115         ok      3885538        7580935
1116     notalk    101023979      120393928
1117     notalk     77710753       55772984
1118         ok     45331273       51962213
1119         ok    108795054      198543415
1120     notalk     91572563      295256424
1121     notalk     41445735      105104690
1122     notalk     60873423       19388882
1123     notalk    180029911      522872106
1124    nowomen    103614337       94826948
1125         ok      5828306         531336
1126         ok     49216810      111186338
1127     notalk     77710753       56022212
1128    dubious    148945610      402382056
1129        men    129517922        5713168
1130         ok     12951792       39252065
1131     notalk     77710753      157324072
1132     notalk     15542151        2304492
1133         ok     10361434       18156206
1134         ok     32379480       53977881
1135         ok     19427688       10851194
1136     notalk    121746846      443662324
1137         ok     32379480       14780124
1138        men     25903584       16821330
1139         ok     62168602      167199897
1140    dubious      5180717        8452031
1141     notalk     84186649      180322432
1142         ok     55692706       31641581
1143    nowomen     27198764       32763432
1144    nowomen     77710753       65517936
1145     notalk    129517922       49372949
1146         ok     19427688       24818223
1147         ok     77710753      120911349
1148         ok     90662545      101179654
1149         ok      5569271       26913392
1150         ok     20722867       21186244
1151     notalk     90662545      183824786
1152     notalk    102635985      224626742
1153        men     53949684       73797860
1154         ok     36843687       97449838
1155     notalk     46054609       17454678
1156        men     39475379       14428526
1157     notalk    118426136      103447452
1158     notalk    118426136      110600487
1159    nowomen    125005366      142951853
1160     notalk     39475379       69727697
1161         ok     32896149       94083718
1162         ok     65792298       72368206
1163    dubious      5921307        1671811
1164         ok     94740909      148625750
1165         ok    105267677       50411551
1166    dubious     46054609       41578506
1167         ok      7237153        8181731
1168         ok     23685227       54344576
1169         ok    114478598      217235991
1170         ok    164480745      417880504
1171         ok      7895076        4036110
1172         ok     13158460         298423
1173    nowomen     52633838        8045394
1174         ok     18421843       17265945
1175         ok     28948611       39553522
1176         ok     13158460       49876055
1177         ok     28948611       18754529
1178        men     63160606       61970361
1179     notalk     32896149       48467177
1180         ok      1973769        9244768
1181     notalk       921092        1501334
1182    nowomen    123689520      172565543
1183         ok     23685227      126970485
1184         ok       328961        5540210
1185    dubious     98688447        7118091
1186         ok      1579015       18259960
1187     notalk    151322285      380836644
1188         ok     69739836       75511622
1189         ok     19737689        9499853
1190         ok      8552999        8123355
1191     notalk    111846906      241348715
1192    dubious     92109217       17891440
1193        men    199350663      261247866
1194         ok     17105997      119792347
1195         ok     52633838       93209654
1196    nowomen     13158460         643280
1197     notalk     65792298      352192764
1198         ok     30264457       35972640
1199         ok     46054609      148285394
1200     notalk      3947538       24333100
1201     notalk     50002146      190155939
1202         ok     28948611       23621318
1203         ok     11842614         597730
1204     notalk    143427209      415208284
1205     notalk     94740909       36575310
1206    nowomen     64476452       57773198
1207         ok     22369381      127008987
1208         ok     39475379      142433448
1209         ok     36843687       68889320
1210         ok     36843687       79478222
1211     notalk     25001073       55091786
1212     notalk     59213068      100347776
1213        men     13158460       26822383
1214     notalk     92109217      132393654
1215         ok     36843687       59439723
1216         ok     58175060       50105659
1217         ok     81174503       43999763
1218     notalk     10823267       20388715
1219         ok     67645419       26316961
1220         ok      8117450       25192844
1221         ok      6764542       29757576
1222     notalk     12176175       22950688
1223         ok     13529084       92476091
1224     notalk    114997212      316082883
1225         ok     13529084        1727642
1226         ok     24352351       23271276
1227         ok    121761754      169526922
1228         ok     56822152      144482383
1229         ok     33822710       96475572
1230        men     60880877       82238253
1231         ok     16911355        5624704
1232        men     18940717       63220562
1233         ok     60880877       37133914
1234         ok     67645419      169855868
1235     notalk     31116893       72113147
1236    nowomen    139349563      253918993
1237     notalk    139755436      137513677
1238        men     27058168       36903356
1239         ok    121761754       99045530
1240     notalk    108232671       53362591
1241         ok     20293626       37125324
1242        men     74409961      224887250
1243     notalk      6764542       34559865
1244         ok     60880877      144500988
1245     notalk    121761754       82357777
1246    nowomen     35175618       61566286
1247         ok     31116893       53081479
1248        men     40587251       59185579
1249    nowomen    108232671       23650043
1250     notalk     40587251      156470282
1251         ok      6088088        4918474
1252    dubious     32469801       44189098
1253    nowomen     33822710       75726795
1254         ok     40587251      103499437
1255         ok      5411634       16476533
1256         ok     54116335      120595650
1257        men      5817506        9397377
1258     notalk     74409961       77024193
1259    nowomen     13529084       40713217
1260         ok      2435235        4127634
1261     notalk     67645419       53816800
1262        men     47351793       82907528
1263         ok    135290838      120810082
1264    dubious     13529084       16246592
1265    dubious    148819922      153325570
1266    nowomen    128526296       68731346
1267        men     12176175        8182195
1268         ok     32469801       77470905
1269     notalk    108232671       46765640
1270         ok    101468129       30781343
1271    nowomen     99091212      128525137
1272     notalk       304404        1396303
1273     notalk    101468129       92638183
1274         ok    121761754      210329023
1275     notalk     87939045      247318583
1276         ok     20293626       45689304
1277         ok     20293626      173264011
1278     notalk    101468129      212812106
1279         ok     18180006       53390436
1280     notalk     55938481       50964770
1281         ok     20976930      181881240
1282        men     16781544      142364760
1283     notalk     41953861      149475534
1284        men    104884652       54891212
1285    dubious     32164627       26086372
1286     notalk     48946171      288139235
1287         ok     18180006       31967340
1288         ok     13984620        7329780
1289     notalk     50344633       95386564
1290         ok      2796924       16139101
1291         ok      1678154        3084486
1292         ok     29367703       24837027
1293         ok     15383082       53463308
1294         ok     18180006        8777963
1295    dubious     13984620       42864850
1296         ok     13984620       14783713
1297         ok     11886927       20898032
1298         ok     90900032       77882040
1299     notalk     90900032       51785192
1300     notalk     37758475        6272780
1301        men     69923101       49209977
1302     notalk     62930791       99883369
1303         ok     33563089       40375263
1304         ok      9090003       23599429
1305         ok      4195386        4302816
1306     notalk     51743095       31396836
1307         ok     33563089       22801624
1308    nowomen     95095418       41621042
1309         ok     58735405      162347007
1310     notalk     13984620       15142285
1311     notalk     69923101      114011185
1312     notalk     41953861      119910654
1313     notalk     16781544        2884196
1314         ok     97892342      141340236
1315    dubious     29367703       72772612
1316         ok    160823133      663632711
1317     notalk    146838513      195805974
1318        men    202776994      239265412
1319    dubious    174807753       45728169
1320         ok       839077      196538593
1321    nowomen      9789234          42613
1322     notalk     83907722      191311527
1323         ok    111876962      127524221
1324    nowomen     69923101       32387409
1325         ok     90900032      239808171
1326     notalk    111876962      217300705
1327    dubious     55938481      410457404
1328    dubious     55938481      113683964
1329     notalk     27969241       14782268
1330         ok     27969241        8672922
1331     notalk    125861583      343814937
1332    dubious    104884652       19593418
1333        men    244730855      159152923
1334        men     41953861       16191424
1335     notalk     18578720       23948203
1336         ok     64310954      232660690
1337        men     14291323        9603575
1338     notalk    200078524      288081893
1339         ok     75744013       32659228
1340     notalk     64310954      100242021
1341     notalk     35728308       46309872
1342     notalk      2143698        3402201
1343     notalk     38586572       20629634
1344         ok    114330585      200742590
1345     notalk     21436985       25020345
1346         ok     35728308       42992157
1347     notalk    121476247      159419475
1348         ok     37157440       93902242
1349     notalk     26438948       15263526
1350    dubious      1857872        2354896
1351        men      2858265        1646948
1352    dubious    178641539      194811162
1353         ok     24295249       78661926
1354         ok      4287397        3925045
1355         ok     42873969       85905591
1356         ok      8574794        6566863
1357     notalk      1929329        5570142
1358         ok    114330585       98778237
1359     notalk     85747939       47137546
1360    dubious    128621908      172382303
1361        men     68598351       53681880
1362        men        97181        4603452
1363         ok     85747939       66955646
1364         ok     92893600       55761862
1365         ok     57165293       32544916
1366     notalk     17149588       32758425
1367     notalk      2500982       10385968
1368         ok     50019631      201774709
1369     notalk     14291323       24445621
1370    nowomen      1429132          30312
1371    nowomen     92893600      309171460
1372         ok     37157440      143367401
1373     notalk    114330585      106240687
1374         ok      8574794       17022681
1375         ok      7145662        7864191
1376     notalk     57165293       78807819
1377         ok      2858265        9602769
1378     notalk    104326659       52975497
1379         ok    100039262      100307450
1380         ok     71456616      130247778
1381         ok     85747939       33420854
1382     notalk     21436985       25008106
1383    dubious     21436985       57570196
1384     notalk     50019631       81415051
1385     notalk     92893600      134093691
1386     notalk     71456616       63890455
1387     notalk     85747939      144932864
1388        men     28582646        2720259
1389     notalk     74314880       52021118
1390     notalk     85747939      179525030
1391         ok     31440911      252219917
1392         ok     20007852       54473818
1393    nowomen     28582646       28966833
1394        men     12862191        1506002
1395        men     28582646       42581425
1396         ok     92893600      165524241
1397         ok     40634668       11849668
1398     notalk      4353714       35768573
1399     notalk    123355241      251000935
1400         ok     87074287       69361952
1401         ok     76915621       84757254
1402         ok     72561906      215476950
1403        men     26122286       78198499
1404        men    181404766      155754415
1405    dubious     21768572       38328318
1406         ok     46439620        5207916
1407         ok       362810       17424311
1408         ok      4208591      123355241
1409         ok      2902476         780691
1410     notalk    116099050      146745677
1411        men    116099050      110466780
1412         ok    130611431      146459429
1413         ok      7256191       21541344
1414         ok     87074287       38709226
1415         ok     58049525       61055139
1416        men    116099050      134956149
1417         ok     72561906       69904916
1418     notalk     52244573       18188044
1419         ok     79818097      152762052
1420    nowomen     14512381      200899879
1421         ok     21768572       40757090
1422         ok    101586669      143835260
1423         ok     24671048      104852087
1424     notalk        36281        4184879
1425         ok     17414858       57575205
1426        men     39183429       87840357
1427     notalk     50793334       93757206
1428     notalk     65305716      263270001
1429     notalk    130611431      363811668
1430         ok     29024763        3445395
1431         ok     43537144       52139221
1432        men     50793334       63701899
1433        men     66756954      184036082
1434     notalk      1451238         844655
1435         ok     34829715      147102287
1436         ok     29024763       51446556
1437         ok     50793334        3224642
1438         ok     58049525       79789061
1439         ok    145123812       79482791
1440         ok     82720573       88536300
1441     notalk    137867622       92256459
1442     notalk     72561906       70044851
1443    dubious    108842859      332459322
1444    dubious     72561906       59882642
1445     notalk    116099050       25615375
1446         ok    290247625      955890356
1447         ok    130611431       69001723
1448    dubious      5049561          18767
1449         ok      6683242        5646983
1450    nowomen     96535720      104920957
1451     notalk     81684071       31524414
1452        men     84654401       76285021
1453         ok      8762473       33017679
1454     notalk     74258246       37763082
1455         ok     29703299       39791578
1456         ok     10396154       36487162
1457         ok      4455495         438856
1458     notalk     29703299       38211750
1459     notalk      2970330        2342531
1460         ok     19307144       39460903
1461         ok    111387369      454711839
1462     notalk     89109896       89989691
1463     notalk     37129123       37163912
1464         ok       371291         315278
1465         ok    118813194       56096190
1466     notalk    118813194      268787949
1467    dubious     21534891       68820654
1468         ok     22277474      153041290
1469         ok      6683242       19926891
1470         ok     13366484       53538871
1471     notalk    118813194      134353268
1472     notalk     26732969       40004796
1473         ok     68317587      136676591
1474    dubious     74258246       49173429
1475         ok      3712912       38402527
1476     notalk     69802752       89466773
1477         ok     22277474       36786742
1478         ok     51980772      116906798
1479     notalk     81684071       27598768
1480         ok     44554948      156668864
1481     notalk     66832422       30304554
1482     notalk    148516493      148722709
1483     notalk     96535720       49675220
1484         ok     62376927       61288998
1485     notalk    111387369      199115335
1486        men      4604011       24507872
1487         ok    130694514      359244145
1488         ok      1485165        1912120
1489         ok       445549        2454193
1490         ok     99370665      263057839
1491     notalk     76438973       46331600
1492     notalk    152877946      281342983
1493    nowomen      3821949        8062791
1494        men    110072121      115492633
1495        men     79496532       64878801
1496         ok     84082870      153379682
1497         ok     20944279       86526587
1498    nowomen     76438973      123865278
1499    dubious     30575589       49000312
1500     notalk    137590151      152897054
1501     notalk      6115118        6575280
1502         ok     30575589       26706076
1503         ok     99370665      153578601
1504     notalk      9325555        3223228
1505     notalk     30575589      107676871
1506         ok     76438973      103687285
1507         ok     84082870      216444248
1508         ok     42805825       58663337
1509         ok     88669209       81725980
1510         ok     50449722       26206460
1511     notalk     45863384      153070026
1512         ok     25224861       65727998
1513         ok     61151178       31111815
1514    dubious     53507281       91810008
1515         ok     38219486        6213469
1516         ok     94784326       91761643
1517         ok     33633148      109333135
1518         ok       382195        3379226
1519         ok     33633148       77389465
1520     notalk     48920943       28362620
1521     notalk      9172677       35684110
1522     notalk     45863384      293190647
1523     notalk     44334604       87356689
1524    nowomen    267536405      134909008
1525         ok      1223024        6418026
1526        men     18859976      113501532
1527    nowomen     78583235       66932266
1528     notalk        42435        4830398
1529         ok     22003306       20469628
1530        men     25146635      199877046
1531         ok     28289965        9160394
1532     notalk     86441558      518169206
1533         ok     47149941      104519746
1534         ok     23574970       78588426
1535        men     47149941       80220683
1536     notalk     15716647         198418
1537         ok     94299882       45793007
1538         ok     12573318      169627825
1539         ok     47149941      190561429
1540     notalk     86441558      112477236
1541         ok     55008264       52529749
1542         ok     70724911      144774225
1543     notalk     62866588        4426622
1544     notalk    124633011      664468621
1545     notalk     28289965      188474233
1546     notalk     34576623      227629474
1547    nowomen     62866588       50034889
1548    nowomen     39291617       44386120
1549     notalk     70724911       90154744
1550     notalk     44006612       70494790
1551     notalk    157166470      229906901
1552     notalk    104809829      135525899
1553     notalk     22574425      111027894
1554         ok     11125966       12820482
1555    nowomen     40311473       17304904
1556        men     23541900      114334580
1557         ok     45148849       63467174
1558         ok    101584911      638063379
1559         ok     40311473      353443011
1560         ok       483738        4077367
1561         ok     40311473      154904378
1562    dubious     67723274       33611556
1563         ok     54823603       51622860
1564        men     70948192      296492106
1565    nowomen     38699014        1079180
1566    nowomen     24186884       37013943
1567         ok     40311473       91112095
1568     notalk     54791459      234673774
1569         ok     66413889      178543655
1570    nowomen     46489723      360876835
1571    nowomen     91319098       91198182
1572        men     18263820       19098934
1573    nowomen    132827779      270360376
1574         ok     11622431       23629512
1575         ok     91319098       97001885
1576    nowomen        11622        3388636
1577    nowomen     20754340       17807603
1578     notalk     69734584       32355474
1579     notalk     33206945      288212232
1580    dubious     58112153       79978777
1581     notalk     18263820       87880798
1582    nowomen      1992417        4702152
1583        men      6641389      103849232
1584     notalk     16603472       84266502
1585     notalk     19924167       45296775
1586         ok     13282778       36039665
1587     notalk     33206945      202059814
1588         ok     34216807      374591278
1589     notalk     34216807       64220970
1590        men    119758826      204710301
1591         ok    111204624       29458817
1592    dubious     85542018      283133658
1593         ok        39349        2100070
1594        men     46192690      128123117
1595         ok     42771009      134569251
1596    dubious    171084037      350481895
1597         ok     51325211      194184224
1598     notalk     39349328      148724056
1599         ok     34216807      223652543
1600     notalk     23951765       59415931
1601     notalk     71319016      156307443
1602         ok     23178680       47970190
1603    nowomen     12480828        7796169
1604    dubious    124808278      209185588
1605         ok     35659508       96239640
1606         ok     46357360      109310929
1607        men     39225459      388031265
1608        men     44574385       83343062
1609        men     26744631      509505267
1610         ok     12480828        8946919
1611        men     62404139       50489429
1612         ok     24961656      318093987
1613     notalk     53489262      215222722
1614     notalk    222871925      104977970
1615         ok     17829754       29717001
1616         ok     75183554      222637302
1617     notalk     65785609      472131898
1618        men     18795888       76095227
1619     notalk     30825257      180177604
1620         ok     16916300       19098688
1621    nowomen     90220264      370601926
1622        men     78942731       65159735
1623     notalk     20675477       93590469
1624     notalk     18795888       56481697
1625        men      2255507       46504161
1626     notalk     56387665       98133425
1627         ok    131571219      101954772
1628         ok     33832599       13515193
1629     notalk      9397944       11572924
1630     notalk     13787529       39899139
1631     notalk     15757176          38576
1632         ok     29544705      144427648
1633     notalk      2954471       23253887
1634         ok     17726823       65480292
1635         ok     27575058       68346751
1636         ok     55150116      160231261
1637        men     59089410       75661244
1638         ok     31514352       27287490
1639         ok     11817882       25198114
1640         ok     18711647       27799598
1641     notalk     49241175      340405101
1642         ok     63028704      118825964
1643         ok     24226658       94725930
1644        men     13787529       16493007
1645    nowomen      7878588       25605411
1646        men     29544705      220475172
1647     notalk    137875291      303547209
1648     notalk     25605411       88095701
1649     notalk     41007948      315074388
1650    dubious      7176391       12144594
1651    dubious     28705563      321185920
1652     notalk     26655166      254090104
1653         ok      2050397       29861988
1654     notalk     30755961      133670224
1655    nowomen     36907153      122481612
1656     notalk     32806358       30331075
1657     notalk    246047687      112289613
1658    dubious     46544021       78160088
1659         ok     34856756       23021501
1660    dubious     51259935       90184679
1661     notalk     17428378       66069067
1662        men     30755961       63269112
1663         ok     36104000      180860331
1664    dubious     10618824      371241520
1665         ok     33980236       12530212
1666    dubious     63712942       34608390
1667     notalk     63712942       82290329
1668         ok     38227765       87887418
1669    nowomen     12742588      293001649
1670    nowomen     16990118      111046165
1671         ok     31856471        4149267
1672        men     31856471      381854174
1673     notalk     41136059      455981879
1674         ok     32475836       21497131
1675     notalk     21650558       75937118
1676    nowomen     38971004             NA
1677    nowomen     43301115       39837026
1678    dubious     54126394       33562937
1679        men       866022             NA
1680         ok     38754498       14951574
1681         ok     58456506       22990322
1682         ok     32475836      202626921
1683        men     78450540      141379105
1684         ok     40345992      116494634
1685    nowomen     33621660      526202467
1686        men     22414440       19729056
1687    dubious     40345992       59174122
1688    dubious    100864980       61521969
1689         ok      5827754       73924796
1690     notalk     67243320      534880544
1691     notalk     24655884      332111304
1692    nowomen     62760432      403191555
1693    dubious     10086498      182002774
1694        men      3362166        5155321
1695     notalk     17931552      140313263
1696     notalk     40345992      171405568
1697         ok     89657760      395820224
1698        men     14345242       85217529
1699         ok     16375486      211626424
1700    nowomen     76029041      723340482
1701         ok     91234849      140245796
1702        men     13923842        4960460
1703     notalk     28072261      174127177
1704     notalk     67571504       78808471
1705         ok     30165850       16892876
1706     notalk     48265360       92341492
1707     notalk     12066340       30390060
1708    dubious     25339314     1050038377
1709        men     10859706       65382380
1710    nowomen     33785752      113937390
1711    dubious      5429853       88542965
1712         ok     25821968      180285645
1713        men      9653072      264234708
1714    dubious     28959216      192851397
1715         ok     49471994      168208730
1716     notalk     36199020      427631090
1717    nowomen     41025556       64961738
1718    nowomen     30742635       29430119
1719    nowomen     15371317       64674049
1720     notalk      3202358       55651281
1721         ok      6404716       65414737
1722     notalk     23825542       50138908
1723     notalk     28180748       81140060
1724    nowomen     51237724      635757611
1725     notalk       960707        6148527
1726     notalk     30742635       95814545
1727    dubious      9897188      235987236
1728         ok     56555357        5655536
1729         ok     50899822       63498970
1730    dubious     98971875       76655018
1731        men     48072054      183810620
1732    nowomen    124421786        9852879
1733         ok     42416518      197512086
1734     notalk     50899822       66113787
1735        men     14421616       27456486
1736    nowomen     65038661      820821721
1737    dubious    152699465      305924063
1738     notalk     76349732      161832844
1739         ok     50899822       83450574
1740        men     53727589      124470916
1741         ok     28886103      259752278
1742    nowomen    101101360      252913878
1743     notalk     99496576      225632559
1744     notalk    112334844      264014024
1745         ok     59376989      209370867
1746        men     10712118      505611968
1747    nowomen     99979768      210638678
1748         ok     10712118       12307327
1749         ok     21424236      649203517
1750    dubious     53560590      208062006
1751    nowomen      6248735         332258
1752     notalk    196388829      479253080
1753     notalk     53560590      178535299
1754     notalk     99921804      195231833
1755         ok     15372585      147005823
1756     notalk     76862926      637962288
1757    nowomen       384315       26902024
1758     notalk     13066697      119379800
1759         ok     23058878         250220
1760     notalk     42274609     1771682790
1761     notalk    122754817       82003880
1762         ok     12275482       54012120
1763        men     28642791      102295681
1764         ok     15548943       96934884
1765     notalk      4091827      479705967
1766     notalk     18004040      147901939
1767         ok     40918272       99830228
1768     notalk      4091827      115645570
1769     notalk     47609104       86562007
1770     notalk     51937204     1125306085
1771        men      1731240       14835412
1772        men     19043641      471681892
1773    dubious      5193720      605399166
1774         ok     42513535       76693179
1775     notalk     12281688      564485269
1776     notalk      7557962       20878869
1777         ok     61408439      270669505
1778     notalk       661322      125520924
1779     notalk       661322      125520924
1780        men     13226433      407657562
1781        men      4074506      603047833
1782     notalk     82329139       82329139
1783     notalk     10487788       96197818
1784         ok     62926730     1074306128
1785     notalk     28841418      837011132
1786     notalk     22288557             NA
1787         ok        66866        2305762
1788     notalk     39004975      752051643
1789     notalk     14386286       70780525
1790     notalk    305063707      404702718
1791     notalk    143862856       59412143
1792     notalk     12659931      236848653
1793        men     17263543       23018057
1794         ok      5997631       53978683
