     budget_2013. binary code
1        13000000   FAIL 2013
2        45658735   PASS 2012
3        20000000   FAIL 2013
4        61000000   FAIL 2013
5        40000000   FAIL 2013
6       225000000   FAIL 2013
7        92000000   FAIL 2013
8        12000000   PASS 2013
9        13000000   PASS 2013
10      130000000   FAIL 2013
11       40000000   PASS 2013
12       25000000   PASS 2013
13       50000000   PASS 2013
14       18000000   PASS 2013
15       55000000   FAIL 2013
16       30000000   PASS 2013
17       78000000   FAIL 2013
18       76000000   PASS 2013
19        5500000   FAIL 2013
20      120000000   PASS 2013
21      110000000   FAIL 2013
22      100000000   PASS 2013
23       40000000   PASS 2013
24       70000000   FAIL 2013
25       17000000   PASS 2013
26      160000000   PASS 2013
27      150000000   PASS 2013
28      140000000   PASS 2013
29       60000000   FAIL 2013
30       30000000   PASS 2013
31      110000000   FAIL 2013
32       80000000   FAIL 2013
33       50000000   PASS 2013
34       23000000   FAIL 2013
35       35000000   FAIL 2013
36        5000000   FAIL 2013
37      200000000   FAIL 2013
38      195000000   FAIL 2013
39       28000000   PASS 2013
40       28000000   FAIL 2013
41       30000000   PASS 2013
42        2000000   PASS 2013
43       15000000   PASS 2013
44      225000000   PASS 2013
45       12000000   PASS 2013
46       75000000   FAIL 2013
47      120000000   FAIL 2013
48       70000000   FAIL 2013
49      200000000   PASS 2013
50      190000000   FAIL 2013
51       26000000   FAIL 2013
52       35000000   PASS 2013
53       15000000   FAIL 2013
54       90000000   PASS 2013
55       46000000   PASS 2013
56      130000000   FAIL 2013
57       84000000   PASS 2013
58       38000000   FAIL 2013
59       30000000   FAIL 2013
60       38000000   FAIL 2013
61       28000000   PASS 2013
62       35000000   PASS 2013
63       30000000   PASS 2013
64      190000000   FAIL 2013
65       20000000   PASS 2013
66       32500000   PASS 2013
67       19000000   PASS 2013
68       13000000   PASS 2013
69       20000000   PASS 2013
70       25000000   PASS 2013
71      135000000   FAIL 2013
72       30000000   FAIL 2013
73       26000000   FAIL 2013
74       19200000   FAIL 2013
75      190000000   FAIL 2013
76      103000000   FAIL 2013
77       43000000   PASS 2013
78      250000000   FAIL 2013
79       50000000   FAIL 2013
80      130000000   PASS 2013
81       32000000   FAIL 2013
82       58000000   FAIL 2013
83        4000000   PASS 2013
84      275000000   FAIL 2013
85       60000000   PASS 2013
86        3000000   FAIL 2013
87      110000000   PASS 2013
88        1500000   PASS 2013
89        5000000   PASS 2013
90      100000000   FAIL 2013
91      115000000   PASS 2013
92       20000000   FAIL 2013
93       32000000   FAIL 2013
94      170000000   FAIL 2013
95       16000000   FAIL 2013
96      135000000   FAIL 2013
97       30000000   FAIL 2013
98       37000000   PASS 2013
99      150000000   FAIL 2013
100     190000000   FAIL 2013
101      68488103   FAIL 2012
102      12175663   FAIL 2012
103       9841994   FAIL 2012
104      49717290   FAIL 2012
105      45151416   PASS 2012
106     212059460   FAIL 2012
107       1826349   FAIL 2012
108       1217566   PASS 2012
109     187708135   PASS 2012
110      55805121   FAIL 2012
111       1014639   FAIL 2012
112      12175663   FAIL 2012
113     103493134   PASS 2012
114      25365964   PASS 2012
115     101463857   FAIL 2012
116      31453796   FAIL 2012
117      39570904   FAIL 2012
118      88273555   PASS 2012
119      86244278   PASS 2012
120      60878314   FAIL 2012
121       3500503   FAIL 2012
122     279025606   PASS 2012
123      15219578   FAIL 2012
124      65951507   PASS 2012
125     121756628   FAIL 2012
126      65951507   PASS 2012
127     147122592   FAIL 2012
128     218147292   FAIL 2012
129      86244278   FAIL 2012
130      16234217   PASS 2012
131       8117109   FAIL 2012
132      42614820   PASS 2012
133       5073193   PASS 2012
134      60878314   FAIL 2012
135      25365964   PASS 2012
136      16234217   PASS 2012
137      17248856   PASS 2012
138      35512350   PASS 2012
139      65951507   FAIL 2012
140      58849037   FAIL 2012
141     147122592   FAIL 2012
142      71024700   PASS 2012
143      33483073   FAIL 2012
144        760979   PASS 2012
145      13697621   FAIL 2012
146      20292771   PASS 2012
147      21307410   PASS 2012
148       3043916   FAIL 2012
149     202927713   FAIL 2012
150     172488556   PASS 2012
151      10146386   PASS 2012
152       5073193   PASS 2012
153      33483073   PASS 2012
154         60878   FAIL 2012
155      50731928   FAIL 2012
156      68488103   FAIL 2012
157     223220484   FAIL 2012
158      60878314   FAIL 2012
159     279025606   FAIL 2012
160       1014639   PASS 2012
161      65951507   FAIL 2012
162     101463857   PASS 2012
163      25365964   FAIL 2012
164     253659641   FAIL 2012
165      81171085   PASS 2012
166      40585543   FAIL 2012
167      15219578   FAIL 2012
168      38048946   FAIL 2012
169      55805121   FAIL 2012
170      15219578   FAIL 2012
171     138193773   FAIL 2012
172       8866236   PASS 2012
173      55805121   FAIL 2012
174      15219578   FAIL 2012
175       6087831   FAIL 2012
176      12175663   PASS 2012
177      21814729   FAIL 2012
178     126829821   FAIL 2012
179      71024700   PASS 2012
180      32975753   PASS 2012
181      38048946   PASS 2012
182      19278133   PASS 2012
183     152195785   FAIL 2012
184     167415363   PASS 2012
185      53268525   PASS 2012
186      28999342   FAIL 2011
187       8285526   FAIL 2011
188      20713816   FAIL 2011
189       4142763   PASS 2011
190      20713816   FAIL 2011
191        181246   PASS 2011
192       5178454   FAIL 2011
193      88033717   FAIL 2011
194      13463980   PASS 2011
195      19678125   PASS 2011
196      72498355   FAIL 2011
197      17606743   FAIL 2011
198       4660609   FAIL 2011
199      33659951   PASS 2011
200     144996710   FAIL 2011
201     207138157   FAIL 2011
202        932122   PASS 2011
203      41427631   FAIL 2011
204      20713816   FAIL 2011
205      62141447   PASS 2011
206      10356908   FAIL 2011
207     168817598   FAIL 2011
208      10356908   PASS 2011
209      18642434   FAIL 2011
210      38320559   FAIL 2011
211      51784539   PASS 2011
212      15535362   FAIL 2011
213     129461348   PASS 2011
214      41427631   FAIL 2011
215      24856579   PASS 2011
216      31070724   FAIL 2011
217     207138157   FAIL 2011
218      37284868   FAIL 2011
219      31070724   PASS 2011
220     129461348   FAIL 2011
221      23820888   FAIL 2011
222       7249836   FAIL 2011
223       1864243   PASS 2011
224       3107072   FAIL 2011
225      65248520   FAIL 2011
226      36249178   PASS 2011
227     186424342   FAIL 2011
228      51784539   FAIL 2011
229      77676809   FAIL 2011
230      36249178   FAIL 2011
231       5696299   PASS 2011
232     103569079   PASS 2011
233      46606085   FAIL 2011
234       7249836   PASS 2011
235      82855263   FAIL 2011
236        828553   FAIL 2011
237      72498355   FAIL 2011
238     155353618   PASS 2011
239       5696299   FAIL 2011
240        258923   PASS 2011
241      27963651   FAIL 2011
242      14499671   PASS 2011
243       3521349   FAIL 2011
244     155353618   FAIL 2011
245       1035691   PASS 2011
246       9735493   PASS 2011
247      31070724   PASS 2011
248     150175164   FAIL 2011
249      51784539   FAIL 2011
250      56962993   FAIL 2011
251      26927960   PASS 2011
252      25892270   PASS 2011
253       1035691   PASS 2011
254       5178454   PASS 2011
255       5178454   PASS 2011
256      41427631   PASS 2011
257     258922697   FAIL 2011
258      62141447   FAIL 2011
259     134639802   FAIL 2011
260     139818256   FAIL 2011
261     113925987   FAIL 2011
262      43499013   PASS 2011
263       4142763   PASS 2011
264       8285526   PASS 2011
265      93212171   FAIL 2011
266      96319243   FAIL 2011
267       6731990   FAIL 2011
268       6214145   PASS 2011
269      18642434   PASS 2011
270      33142105   FAIL 2011
271      25892270   PASS 2011
272      77676809   PASS 2011
273      51784539   PASS 2011
274       4919531   PASS 2011
275      51991677   FAIL 2011
276     134639802   FAIL 2011
277      16571053   FAIL 2011
278      10356908   PASS 2011
279      31070724   FAIL 2011
280      36042039   PASS 2011
281       3107072   PASS 2011
282       1035691   PASS 2011
283      93212171   FAIL 2011
284     113925987   FAIL 2011
285       6214145   FAIL 2011
286      25892270   PASS 2011
287      14499671   PASS 2011
288      41427631   FAIL 2011
289      44016858   FAIL 2011
290      46606085   FAIL 2011
291      38320559   FAIL 2011
292      16571053   PASS 2011
293     113925987   PASS 2011
294      93212171   FAIL 2011
295      36249178   FAIL 2011
296     132050575   PASS 2011
297     155353618   PASS 2011
298      21749507   FAIL 2011
299      88033717   FAIL 2011
300     201959703   PASS 2011
301      72498355   FAIL 2011
302      25892270   FAIL 2011
303      51784539   FAIL 2011
304        196781   FAIL 2011
305      20713816   PASS 2011
306      31070724   FAIL 2011
307     165710526   PASS 2011
308      12428289   PASS 2011
309        124283   PASS 2011
310      19228173   FAIL 2010
311     213646368   PASS 2010
312       4486574   FAIL 2010
313       8545855   PASS 2010
314      32046955   PASS 2010
315       3418342   FAIL 2010
316      37388114   FAIL 2010
317      13887014   PASS 2010
318       1068232   FAIL 2010
319      58752751   PASS 2010
320      13352898   FAIL 2010
321      16023478   FAIL 2010
322      47002201   FAIL 2010
323     133528980   FAIL 2010
324      13352898   PASS 2010
325      39524578   FAIL 2010
326      16023478   PASS 2010
327       7477623   FAIL 2010
328      58752751   PASS 2010
329      26705796   FAIL 2010
330      73707997   PASS 2010
331      10682318   PASS 2010
332      16023478   PASS 2010
333      73707997   FAIL 2010
334      26705796   PASS 2010
335      69435070   FAIL 2010
336      21364637   FAIL 2010
337       8545855   PASS 2010
338      64093910   PASS 2010
339      64093910   FAIL 2010
340       5341159   FAIL 2010
341      53411592   PASS 2010
342      12818782   FAIL 2010
343      22432869   PASS 2010
344     160234776   FAIL 2010
345      42729274   FAIL 2010
346      34183419   PASS 2010
347     106823184   FAIL 2010
348      80117388   PASS 2010
349      10575495   FAIL 2010
350     133528980   PASS 2010
351      38456346   FAIL 2010
352     176258254   PASS 2010
353      10682318   PASS 2010
354     170917095   FAIL 2010
355       1602348   PASS 2010
356     181599413   PASS 2010
357       8545855   FAIL 2010
358      29910492   FAIL 2010
359     124983125   FAIL 2010
360      27774028   PASS 2010
361      21364637   FAIL 2010
362      32046955   FAIL 2010
363      32046955   FAIL 2010
364      13352898   PASS 2010
365       8545855   PASS 2010
366       2136464   FAIL 2010
367     138870139   FAIL 2010
368        534116   FAIL 2010
369      42729274   PASS 2010
370      37388114   PASS 2010
371      16023478   PASS 2010
372       3204696   PASS 2010
373     101482025   FAIL 2010
374       3204696   PASS 2010
375      42729274   FAIL 2010
376     213646368   FAIL 2010
377       5341159   PASS 2010
378      16023478   PASS 2010
379      64093910   FAIL 2010
380      17091709   PASS 2010
381      34183419   PASS 2010
382     224328687   FAIL 2010
383     138870139   PASS 2010
384      90799707   PASS 2010
385      37388114   PASS 2010
386     101482025   PASS 2010
387     176258254   FAIL 2010
388      85458547   FAIL 2010
389      10682318   FAIL 2010
390       7477623   FAIL 2010
391       2029641   FAIL 2010
392       2670580   FAIL 2010
393      34183419   FAIL 2010
394     277740279   PASS 2010
395     117505503   FAIL 2010
396      37388114   PASS 2010
397     165575935   PASS 2010
398      26705796   FAIL 2010
399      20296405   PASS 2010
400      21364637   PASS 2010
401      87595011   FAIL 2010
402      11750550   FAIL 2010
403      48070433   FAIL 2010
404      17625825   FAIL 2010
405      42729274   FAIL 2010
406       4272927   PASS 2010
407      13887014   FAIL 2010
408      16023478   PASS 2010
409     160234776   FAIL 2010
410       1922817   PASS 2010
411      26705796   FAIL 2010
412      32046955   PASS 2010
413     106823184   FAIL 2010
414      10148202   PASS 2010
415      42729274   FAIL 2010
416     170917095   FAIL 2010
417      29910492   PASS 2010
418      20296405   FAIL 2010
419      21364637   PASS 2010
420     106823184   FAIL 2010
421      39524578   FAIL 2010
422      72639765   PASS 2010
423     160234776   FAIL 2010
424         53412   PASS 2010
425     213646368   FAIL 2010
426     213646368   FAIL 2010
427      37388114   PASS 2010
428       5341159   PASS 2010
429     101482025   FAIL 2010
430      55548056   PASS 2010
431      74776229   FAIL 2010
432      10682318   PASS 2010
433       8545855   FAIL 2010
434       2136464   PASS 2010
435      13887014   PASS 2010
436      85458547   FAIL 2010
437      21364637   PASS 2010
438      16023478   PASS 2010
439       8142987   FAIL 2009
440      43429264   PASS 2009
441     217146319   FAIL 2009
442      32571948   FAIL 2009
443      15200242   FAIL 2009
444       7600121   FAIL 2009
445       7600121   FAIL 2009
446       3474341   FAIL 2009
447      10640170   FAIL 2009
448      76001212   FAIL 2009
449       1085732   FAIL 2009
450      16285974   PASS 2009
451       8142987   PASS 2009
452     162859739   FAIL 2009
453      21714632   FAIL 2009
454      70572554   FAIL 2009
455     461435929   FAIL 2009
456      22800364   PASS 2009
457      45600727   FAIL 2009
458      32571948   PASS 2009
459       9228719   PASS 2009
460      18457437   FAIL 2009
461      28229022   PASS 2009
462      21714632   FAIL 2009
463      29314753   PASS 2009
464      14114511   FAIL 2009
465     108573160   FAIL 2009
466      24971827   PASS 2009
467      65143896   PASS 2009
468      21714632   FAIL 2009
469        868585   FAIL 2009
470      32571948   FAIL 2009
471      32571948   PASS 2009
472      17371706   FAIL 2009
473      21714632   FAIL 2009
474      43429264   FAIL 2009
475      92287186   FAIL 2009
476      21714632   FAIL 2009
477       3257195   PASS 2009
478      18457437   FAIL 2009
479      78715541   FAIL 2009
480     162859739   FAIL 2009
481     190003029   FAIL 2009
482      54286580   FAIL 2009
483       7600121   FAIL 2009
484       7925841   FAIL 2009
485     271432899   PASS 2009
486      43429264   PASS 2009
487      19543169   FAIL 2009
488      14114511   FAIL 2009
489      43429264   FAIL 2009
490      97715844   FAIL 2009
491      76001212   FAIL 2009
492      53200848   FAIL 2009
493      92287186   PASS 2009
494      17371706   PASS 2009
495      43429264   PASS 2009
496      54286580   FAIL 2009
497      57543775   FAIL 2009
498       4885792   PASS 2009
499      45600727   FAIL 2009
500     190003029   FAIL 2009
501       5428658   FAIL 2009
502       7600121   PASS 2009
503      15200242   FAIL 2009
504      29857619   PASS 2009
505      86858528   FAIL 2009
506      54286580   FAIL 2009
507       2062890   FAIL 2009
508      13028779   PASS 2009
509       4668646   FAIL 2009
510      43429264   FAIL 2009
511       7165829   FAIL 2009
512      65143896   FAIL 2009
513      10857316   PASS 2009
514     111287489   FAIL 2009
515      41257801   PASS 2009
516      97715844   FAIL 2009
517      32571948   PASS 2009
518     152002424   PASS 2009
519      65143896   PASS 2009
520      86858528   FAIL 2009
521     217146319   FAIL 2009
522      38000606   FAIL 2009
523      54286580   FAIL 2009
524       8685853   FAIL 2009
525      27143290   PASS 2009
526       9011572   PASS 2009
527      43429264   PASS 2009
528      10857316   PASS 2009
529      97715844   FAIL 2009
530       1411451   FAIL 2009
531      10857316   PASS 2009
532      38000606   FAIL 2009
533      32571948   FAIL 2009
534      23886095   FAIL 2009
535      20086035   FAIL 2009
536      19543169   PASS 2009
537     103144502   PASS 2009
538      26057558   FAIL 2009
539       7057255   FAIL 2009
540     114001818   PASS 2009
541      43429264   FAIL 2009
542      27143290   FAIL 2009
543       8685853   FAIL 2009
544      65143896   FAIL 2009
545     119430476   FAIL 2009
546      42343532   FAIL 2009
547      41257801   FAIL 2009
548      17371706   PASS 2009
549      38000606   PASS 2009
550     228003635   PASS 2009
551     190003029   FAIL 2009
552      32571948   FAIL 2009
553       9771584   PASS 2009
554     149830960   FAIL 2009
555      16285974   FAIL 2009
556     108573160   FAIL 2009
557      16285974   PASS 2009
558      38000606   PASS 2009
559     162859739   FAIL 2009
560        217146   PASS 2009
561      19543169   FAIL 2009
562      25623266   PASS 2009
563      37878971   PASS 2008
564      21645126   FAIL 2008
565     140693320   FAIL 2008
566      32467689   PASS 2008
567      21645126   FAIL 2008
568      86580505   PASS 2008
569      27056408   PASS 2008
570     162338447   PASS 2008
571      40043484   FAIL 2008
572      59524097   PASS 2008
573      62770866   FAIL 2008
574      41125740   PASS 2008
575      27056408   PASS 2008
576      19480614   PASS 2008
577      70346660   FAIL 2008
578      54112816   PASS 2008
579       7575794   PASS 2008
580      35714458   PASS 2008
581      21645126   PASS 2008
582      86580505   FAIL 2008
583      15151588   PASS 2008
584        541128   FAIL 2008
585      27056408   FAIL 2008
586      32467689   PASS 2008
587      86580505   PASS 2008
588      31385433   FAIL 2008
589       1082256   PASS 2008
590      36796715   PASS 2008
591      21645126   FAIL 2008
592      27056408   FAIL 2008
593       9740307   PASS 2008
594     162338447   FAIL 2008
595      89286146   PASS 2008
596      11904819   PASS 2008
597      32467689   FAIL 2008
598      16233845   FAIL 2008
599     200217418   FAIL 2008
600      64935379   PASS 2008
601     201299674   FAIL 2008
602      48701534   FAIL 2008
603      89286146   FAIL 2008
604     140693320   FAIL 2008
605       4870153   FAIL 2008
606      43290252   FAIL 2008
607      37878971   PASS 2008
608      64935379   FAIL 2008
609      21645126   FAIL 2008
610      48701534   FAIL 2008
611      10822563   PASS 2008
612      40043484   PASS 2008
613      28138664   FAIL 2008
614       1623384   FAIL 2008
615      27056408   PASS 2008
616      19480614   PASS 2008
617     248918952   FAIL 2008
618      12987076   PASS 2008
619      12987076   PASS 2008
620      48701534   PASS 2008
621      19480614   FAIL 2008
622      58441841   PASS 2008
623      62229738   PASS 2008
624      15151588   FAIL 2008
625     129870757   PASS 2008
626       7575794   FAIL 2008
627      70346660   FAIL 2008
628       5411282   PASS 2008
629      21645126   FAIL 2008
630      27056408   PASS 2008
631      21645126   PASS 2008
632      21645126   FAIL 2008
633     243507670   PASS 2008
634     173161010   FAIL 2008
635     200217418   FAIL 2008
636      86580505   PASS 2008
637      12987076   PASS 2008
638      59524097   FAIL 2008
639      27056408   PASS 2008
640      16233845   FAIL 2008
641     148810243   FAIL 2008
642      15151588   PASS 2008
643      43290252   PASS 2008
644      35173330   FAIL 2008
645      11904819   PASS 2008
646      29220920   PASS 2008
647       9740307   FAIL 2008
648      64935379   PASS 2008
649      17316101   PASS 2008
650       6493538   FAIL 2008
651      21645126   FAIL 2008
652      16233845   PASS 2008
653      97403068   FAIL 2008
654      40043484   PASS 2008
655      97403068   FAIL 2008
656      17316101   PASS 2008
657     194806136   FAIL 2008
658       2164513   FAIL 2008
659      81169223   FAIL 2008
660      29762049   FAIL 2008
661        324677   PASS 2008
662      37878971   PASS 2008
663      54112816   FAIL 2008
664       2359441   PASS 2007
665      25279728   PASS 2007
666      16853152   PASS 2007
667      53930087   FAIL 2007
668      33706305   FAIL 2007
669      33706305   FAIL 2007
670      50559457   PASS 2007
671      33706305   PASS 2007
672      18538467   PASS 2007
673     168531522   PASS 2007
674      68536152   PASS 2007
675      28088587   PASS 2007
676       8988348   PASS 2007
677      13482522   FAIL 2007
678      84265761   PASS 2007
679      23594413   PASS 2007
680       3089745   PASS 2007
681      22470870   PASS 2007
682      56177174   PASS 2007
683      95501196   PASS 2007
684     134825218   FAIL 2007
685      21347326   PASS 2007
686      84265761   PASS 2007
687      16853152   PASS 2007
688      56177174   FAIL 2007
689     168531522   PASS 2007
690      19662011   FAIL 2007
691       8426576   PASS 2007
692      17976696   FAIL 2007
693      28088587   FAIL 2007
694     168531522   PASS 2007
695      22470870   FAIL 2007
696       7864804   PASS 2007
697      30897446   PASS 2007
698      14044294   PASS 2007
699     123589783   FAIL 2007
700      24156185   FAIL 2007
701      44941739   FAIL 2007
702      28088587   FAIL 2007
703      31459218   PASS 2007
704        505595   FAIL 2007
705       8201867   PASS 2007
706     337063045   PASS 2007
707      22470870   PASS 2007
708     168531522   FAIL 2007
709      50559457   PASS 2007
710     202237827   FAIL 2007
711      67412609   FAIL 2007
712     179766957   PASS 2007
713      12808396   PASS 2007
714      78648044   PASS 2007
715      44941739   FAIL 2007
716      19662011   FAIL 2007
717      18538467   PASS 2007
718       2247087   FAIL 2007
719      50559457   FAIL 2007
720     230326414   PASS 2007
721      22470870   FAIL 2007
722        224709   FAIL 2007
723      17976696   PASS 2007
724      14606065   PASS 2007
725      35953391   FAIL 2007
726      10111891   PASS 2007
727         56177   FAIL 2007
728      81456903   PASS 2007
729       4494174   FAIL 2007
730      28088587   FAIL 2007
731      39324022   FAIL 2007
732     169655066   FAIL 2007
733       7345604   PASS 2007
734       1685315   PASS 2007
735      31459218   FAIL 2007
736      11235435   FAIL 2007
737      69347781   FAIL 2006
738      23115927   FAIL 2006
739       9246371   PASS 2006
740      13869556   PASS 2006
741      40452872   PASS 2006
742      10402167   PASS 2006
743     115579635   FAIL 2006
744       9246371   FAIL 2006
745      20804334   FAIL 2006
746       4623185   PASS 2006
747      80905744   FAIL 2006
748     117891227   FAIL 2006
749      87840522   PASS 2006
750       5778982   FAIL 2006
751      13869556   FAIL 2006
752       2311593   FAIL 2006
753      34673890   PASS 2006
754      18492742   PASS 2006
755     115579635   FAIL 2006
756       9246371   FAIL 2006
757      28894909   PASS 2006
758     172213656   FAIL 2006
759      13869556   PASS 2006
760       7512676   PASS 2006
761      86684726   FAIL 2006
762      17336945   PASS 2006
763      57789817   FAIL 2006
764      12713760   FAIL 2006
765      86684726   FAIL 2006
766      52010836   PASS 2006
767      15025353   FAIL 2006
768      16181149   PASS 2006
769       9246371   PASS 2006
770        953532   PASS 2006
771      31206501   FAIL 2006
772      23115927   FAIL 2006
773      46231854   PASS 2006
774      34673890   PASS 2006
775      86684726   PASS 2006
776      36985483   FAIL 2006
777     127137598   PASS 2006
778      31784400   PASS 2006
779        173369   FAIL 2006
780      98242689   FAIL 2006
781      15025353   FAIL 2006
782      73624227   PASS 2006
783     260054178   FAIL 2006
784     184927415   FAIL 2006
785        462319   PASS 2006
786       6125721   PASS 2006
787      13869556   PASS 2006
788      28894909   FAIL 2006
789       2311593   FAIL 2006
790       2311593   PASS 2006
791      57789817   PASS 2006
792      17625894   PASS 2006
793      19648538   FAIL 2006
794      38141279   PASS 2006
795      19648538   PASS 2006
796      23115927   PASS 2006
797      34673890   PASS 2006
798     268144752   FAIL 2006
799      34673890   PASS 2006
800      52010836   FAIL 2006
801      60101410   FAIL 2006
802     144474543   FAIL 2006
803       3814128   PASS 2006
804     104021671   FAIL 2006
805      40452872   PASS 2006
806      40452872   FAIL 2006
807      23115927   PASS 2006
808       4276446   FAIL 2006
809      98242689   PASS 2006
810      57789817   PASS 2006
811      19070640   FAIL 2006
812      46231854   FAIL 2006
813      22422449   FAIL 2006
814      46231854   FAIL 2006
815      63568799   FAIL 2006
816      17336945   FAIL 2006
817       9593110   FAIL 2006
818      34673890   FAIL 2006
819      10864486   PASS 2006
820      75126763   FAIL 2006
821      17336945   PASS 2006
822       1155796   FAIL 2006
823     242717233   PASS 2006
824      62413003   FAIL 2006
825      40452872   PASS 2006
826      25427520   PASS 2006
827      65616822   PASS 2005
828      35790994   PASS 2005
829     178954969   FAIL 2005
830      29825828   PASS 2005
831      95442650   PASS 2005
832      29825828   FAIL 2005
833      23860663   FAIL 2005
834       3459796   PASS 2005
835        536865   FAIL 2005
836      16583160   FAIL 2005
837       8351232   FAIL 2005
838     178954969   PASS 2005
839       5368649   PASS 2005
840     104986915   FAIL 2005
841      53686491   PASS 2005
842      89477485   FAIL 2005
843        536865   FAIL 2005
844      35790994   FAIL 2005
845      41756160   PASS 2005
846      51300425   FAIL 2005
847      71581988   PASS 2005
848       9544265   FAIL 2005
849      59651656   PASS 2005
850      83512319   FAIL 2005
851     104390399   FAIL 2005
852      65616822   PASS 2005
853     167024638   PASS 2005
854       8351232   FAIL 2005
855       1133381   PASS 2005
856     178954969   FAIL 2005
857      59651656   PASS 2005
858      29825828   PASS 2005
859      65616822   FAIL 2005
860      20878080   PASS 2005
861       5726559   FAIL 2005
862       3340493   FAIL 2005
863      29825828   PASS 2005
864      85898385   FAIL 2005
865       1193033   PASS 2005
866      69195921   PASS 2005
867     246957858   FAIL 2005
868     131233644   FAIL 2005
869      17895497   FAIL 2005
870      50107391   FAIL 2005
871      89477485   FAIL 2005
872      59651656   PASS 2005
873      17895497   PASS 2005
874       2386066   PASS 2005
875     101407816   PASS 2005
876       4772133   PASS 2005
877      71581988   PASS 2005
878     131233644   FAIL 2005
879      89477485   FAIL 2005
880      35790994   PASS 2005
881      77547153   FAIL 2005
882      33404928   PASS 2005
883      23860663   PASS 2005
884      31018861   PASS 2005
885      47721325   PASS 2005
886      95442650   FAIL 2005
887       5965166   FAIL 2005
888      46528292   PASS 2005
889       8947748   FAIL 2005
890      47721325   PASS 2005
891        357910   PASS 2005
892      71581988   PASS 2005
893     119303313   FAIL 2005
894     137198810   FAIL 2005
895     164638572   FAIL 2005
896       2386066   PASS 2005
897       8947748   FAIL 2005
898      31018861   FAIL 2005
899      59651656   FAIL 2005
900      22071113   PASS 2005
901       1789550   PASS 2005
902     214745963   PASS 2005
903      30422345   PASS 2005
904       8351232   PASS 2005
905       8351232   PASS 2005
906      21474596   PASS 2005
907      21474596   PASS 2005
908      53686491   FAIL 2005
909     143163975   PASS 2005
910      34001444   FAIL 2005
911      95442650   FAIL 2005
912      35790994   FAIL 2005
913      59651656   PASS 2005
914      47721325   PASS 2005
915       1789550   FAIL 2005
916      17895497   PASS 2005
917       1193033   PASS 2005
918       5666907   FAIL 2005
919      59651656   PASS 2005
920       1342162   PASS 2005
921      34597961   PASS 2005
922     157480373   FAIL 2005
923       3579099   PASS 2005
924      11930331   FAIL 2005
925      53686491   PASS 2005
926      77547153   FAIL 2005
927      36995786   PASS 2004
928      14798315   PASS 2004
929      92489466   FAIL 2004
930      23430665   PASS 2004
931       8015754   FAIL 2004
932      67825608   PASS 2004
933      30829822   FAIL 2004
934     135651216   FAIL 2004
935      86323501   FAIL 2004
936      18497893   FAIL 2004
937       2466386   FAIL 2004
938      61659644   PASS 2004
939     123319288   PASS 2004
940      55493679   PASS 2004
941      43161751   PASS 2004
942      73991573   FAIL 2004
943      24663858   PASS 2004
944       9006109   PASS 2004
945       4316175   PASS 2004
946      34529401   PASS 2004
947      36995786   PASS 2004
948      43161751   PASS 2004
949      24663858   FAIL 2004
950      12331929   PASS 2004
951      30829822   PASS 2004
952      92489466   FAIL 2004
953       3082982   PASS 2004
954      11098736   PASS 2004
955     160315074   PASS 2004
956      73991573   FAIL 2004
957     135651216   PASS 2004
958      27130243   PASS 2004
959     129485252   FAIL 2004
960      32063015   FAIL 2004
961      13565122   PASS 2004
962      24663858   FAIL 2004
963       8015754   FAIL 2004
964     123319288   PASS 2004
965       3946217   PASS 2004
966      22197472   PASS 2004
967      36995786   PASS 2004
968      34529401   FAIL 2004
969       2096428   PASS 2004
970        493277   FAIL 2004
971      49327715   FAIL 2004
972          8632   FAIL 2004
973      61659644   PASS 2004
974      49327715   FAIL 2004
975      61659644   PASS 2004
976       6165964   PASS 2004
977       1479831   FAIL 2004
978      49327715   FAIL 2004
979      92489466   FAIL 2004
980       6165964   PASS 2004
981      86323501   PASS 2004
982      20964279   PASS 2004
983      86323501   PASS 2004
984      92489466   PASS 2004
985     246638575   FAIL 2004
986      24663858   FAIL 2004
987     135651216   FAIL 2004
988     104821395   FAIL 2004
989      16031507   FAIL 2004
990     147983145   FAIL 2004
991     154149110   PASS 2004
992      12331929   PASS 2004
993     113453745   PASS 2004
994      61659644   FAIL 2004
995      36995786   FAIL 2004
996      67825608   FAIL 2004
997     209642789   FAIL 2004
998      55493679   PASS 2004
999     123319288   PASS 2004
1000     92489466   FAIL 2004
1001     88398934   PASS 2004
1002     36995786   FAIL 2004
1003    184978932   FAIL 2004
1004    209642789   PASS 2004
1005     13565122   PASS 2004
1006     24663858   PASS 2004
1007     43161751   PASS 2004
1008     96222609   FAIL 2003
1009     25321739   FAIL 2003
1010     88626087   FAIL 2003
1011     25321739   PASS 2003
1012    102553043   PASS 2003
1013    151930435   PASS 2003
1014    101286957   PASS 2003
1015     31652174   FAIL 2003
1016     75965217   PASS 2003
1017    101286957   FAIL 2003
1018      8862609   FAIL 2003
1019     86093913   FAIL 2003
1020     32918261   PASS 2003
1021    119012174   FAIL 2003
1022     32918261   PASS 2003
1023     15193043   PASS 2003
1024      8102957   PASS 2003
1025     25321739   FAIL 2003
1026     94956522   FAIL 2003
1027     20890435   PASS 2003
1028     63304348   FAIL 2003
1029    173453913   FAIL 2003
1030     35450435   FAIL 2003
1031     15193043   PASS 2003
1032     31652174   PASS 2003
1033     69634783   PASS 2003
1034    113947826   FAIL 2003
1035     31652174   PASS 2003
1036      2532174   PASS 2003
1037      5064348   FAIL 2003
1038     56973913   PASS 2003
1039    170921739   FAIL 2003
1040     82295652   PASS 2003
1041      6330435   PASS 2003
1042     37982609   PASS 2003
1043    126608696   PASS 2003
1044    158260870   FAIL 2003
1045     35450435   PASS 2003
1046     88626087   PASS 2003
1047     56973913   PASS 2003
1048     37982609   FAIL 2003
1049     63304348   FAIL 2003
1050      7596522   FAIL 2003
1051     75965217   FAIL 2003
1052    101286957   FAIL 2003
1053     50643478   PASS 2003
1054      9875478   PASS 2003
1055    215234783   PASS 2003
1056    107617391   PASS 2003
1057     75965217   FAIL 2003
1058     25321739   FAIL 2003
1059    177252174   FAIL 2003
1060     98754783   FAIL 2003
1061    119012174   FAIL 2003
1062    160793043   PASS 2003
1063    139269565   PASS 2003
1064     82295652   PASS 2003
1065     25321739   FAIL 2003
1066      2532174   PASS 2003
1067    101286957   FAIL 2003
1068       949565   PASS 2003
1069     27853913   FAIL 2003
1070     12660870   PASS 2003
1071    158260870   PASS 2003
1072      5828306   FAIL 2002
1073     10361434   PASS 2002
1074     10361434   PASS 2002
1075     53102348   FAIL 2002
1076     38855376   FAIL 2002
1077     23960815   FAIL 2002
1078     11656613   PASS 2002
1079     16189740   FAIL 2002
1080     81596291   FAIL 2002
1081      7253004   PASS 2002
1082     69939678   FAIL 2002
1083     38855376   PASS 2002
1084      1942769   PASS 2002
1085     38855376   PASS 2002
1086     67349319   FAIL 2002
1087     38855376   PASS 2002
1088     15542151   PASS 2002
1089     64758961   FAIL 2002
1090    183915449   FAIL 2002
1091     25903584   FAIL 2002
1092     25903584   FAIL 2002
1093     17484919   PASS 2002
1094     15542151   FAIL 2002
1095        38855   PASS 2002
1096    125632384   FAIL 2002
1097      9066255   FAIL 2002
1098    129517922   PASS 2002
1099     54397527   PASS 2002
1100     90662545   FAIL 2002
1101     84186649   FAIL 2002
1102     11656613   FAIL 2002
1103     59578244   FAIL 2002
1104    103614337   PASS 2002
1105     71234857   PASS 2002
1106      2266564   PASS 2002
1107    181325090   FAIL 2002
1108    132108280   FAIL 2002
1109     64758961   FAIL 2002
1110      6475896   PASS 2002
1111     62168602   PASS 2002
1112     14246971   FAIL 2002
1113     45331273   PASS 2002
1114      9066255   PASS 2002
1115      3885538   PASS 2002
1116    101023979   FAIL 2002
1117     77710753   FAIL 2002
1118     45331273   PASS 2002
1119    108795054   PASS 2002
1120     91572563   FAIL 2002
1121     41445735   FAIL 2002
1122     60873423   FAIL 2002
1123    180029911   FAIL 2002
1124    103614337   FAIL 2002
1125      5828306   PASS 2002
1126     49216810   PASS 2002
1127     77710753   FAIL 2002
1128    148945610   FAIL 2002
1129    129517922   FAIL 2002
1130     12951792   PASS 2002
1131     77710753   FAIL 2002
1132     15542151   FAIL 2002
1133     10361434   PASS 2002
1134     32379480   PASS 2002
1135     19427688   PASS 2002
1136    121746846   FAIL 2002
1137     32379480   PASS 2002
1138     25903584   FAIL 2002
1139     62168602   PASS 2002
1140      5180717   FAIL 2002
1141     84186649   FAIL 2002
1142     55692706   PASS 2002
1143     27198764   FAIL 2002
1144     77710753   FAIL 2002
1145    129517922   FAIL 2002
1146     19427688   PASS 2002
1147     77710753   PASS 2002
1148     90662545   PASS 2002
1149      5569271   PASS 2002
1150     20722867   PASS 2002
1151     90662545   FAIL 2002
1152    102635985   FAIL 2001
1153     53949684   FAIL 2001
1154     36843687   PASS 2001
1155     46054609   FAIL 2001
1156     39475379   FAIL 2001
1157    118426136   FAIL 2001
1158    118426136   FAIL 2001
1159    125005366   FAIL 2001
1160     39475379   FAIL 2001
1161     32896149   PASS 2001
1162     65792298   PASS 2001
1163      5921307   FAIL 2001
1164     94740909   PASS 2001
1165    105267677   PASS 2001
1166     46054609   FAIL 2001
1167      7237153   PASS 2001
1168     23685227   PASS 2001
1169    114478598   PASS 2001
1170    164480745   PASS 2001
1171      7895076   PASS 2001
1172     13158460   PASS 2001
1173     52633838   FAIL 2001
1174     18421843   PASS 2001
1175     28948611   PASS 2001
1176     13158460   PASS 2001
1177     28948611   PASS 2001
1178     63160606   FAIL 2001
1179     32896149   FAIL 2001
1180      1973769   PASS 2001
1181       921092   FAIL 2001
1182    123689520   FAIL 2001
1183     23685227   PASS 2001
1184       328961   PASS 2001
1185     98688447   FAIL 2001
1186      1579015   PASS 2001
1187    151322285   FAIL 2001
1188     69739836   PASS 2001
1189     19737689   PASS 2001
1190      8552999   PASS 2001
1191    111846906   FAIL 2001
1192     92109217   FAIL 2001
1193    199350663   FAIL 2001
1194     17105997   PASS 2001
1195     52633838   PASS 2001
1196     13158460   FAIL 2001
1197     65792298   FAIL 2001
1198     30264457   PASS 2001
1199     46054609   PASS 2001
1200      3947538   FAIL 2001
1201     50002146   FAIL 2001
1202     28948611   PASS 2001
1203     11842614   PASS 2001
1204    143427209   FAIL 2001
1205     94740909   FAIL 2001
1206     64476452   FAIL 2001
1207     22369381   PASS 2001
1208     39475379   PASS 2001
1209     36843687   PASS 2001
1210     36843687   PASS 2001
1211     25001073   FAIL 2001
1212     59213068   FAIL 2001
1213     13158460   FAIL 2001
1214     92109217   FAIL 2001
1215     36843687   PASS 2001
1216     58175060   PASS 2000
1217     81174503   PASS 2000
1218     10823267   FAIL 2000
1219     67645419   PASS 2000
1220      8117450   PASS 2000
1221      6764542   PASS 2000
1222     12176175   FAIL 2000
1223     13529084   PASS 2000
1224    114997212   FAIL 2000
1225     13529084   PASS 2000
1226     24352351   PASS 2000
1227    121761754   PASS 2000
1228     56822152   PASS 2000
1229     33822710   PASS 2000
1230     60880877   FAIL 2000
1231     16911355   PASS 2000
1232     18940717   FAIL 2000
1233     60880877   PASS 2000
1234     67645419   PASS 2000
1235     31116893   FAIL 2000
1236    139349563   FAIL 2000
1237    139755436   FAIL 2000
1238     27058168   FAIL 2000
1239    121761754   PASS 2000
1240    108232671   FAIL 2000
1241     20293626   PASS 2000
1242     74409961   FAIL 2000
1243      6764542   FAIL 2000
1244     60880877   PASS 2000
1245    121761754   FAIL 2000
1246     35175618   FAIL 2000
1247     31116893   PASS 2000
1248     40587251   FAIL 2000
1249    108232671   FAIL 2000
1250     40587251   FAIL 2000
1251      6088088   PASS 2000
1252     32469801   FAIL 2000
1253     33822710   FAIL 2000
1254     40587251   PASS 2000
1255      5411634   PASS 2000
1256     54116335   PASS 2000
1257      5817506   FAIL 2000
1258     74409961   FAIL 2000
1259     13529084   FAIL 2000
1260      2435235   PASS 2000
1261     67645419   FAIL 2000
1262     47351793   FAIL 2000
1263    135290838   PASS 2000
1264     13529084   FAIL 2000
1265    148819922   FAIL 2000
1266    128526296   FAIL 2000
1267     12176175   FAIL 2000
1268     32469801   PASS 2000
1269    108232671   FAIL 2000
1270    101468129   PASS 2000
1271     99091212   FAIL 2000
1272       304404   FAIL 2000
1273    101468129   FAIL 2000
1274    121761754   PASS 2000
1275     87939045   FAIL 2000
1276     20293626   PASS 2000
1277     20293626   PASS 2000
1278    101468129   FAIL 2000
1279     18180006   PASS 1999
1280     55938481   FAIL 1999
1281     20976930   PASS 1999
1282     16781544   FAIL 1999
1283     41953861   FAIL 1999
1284    104884652   FAIL 1999
1285     32164627   FAIL 1999
1286     48946171   FAIL 1999
1287     18180006   PASS 1999
1288     13984620   PASS 1999
1289     50344633   FAIL 1999
1290      2796924   PASS 1999
1291      1678154   PASS 1999
1292     29367703   PASS 1999
1293     15383082   PASS 1999
1294     18180006   PASS 1999
1295     13984620   FAIL 1999
1296     13984620   PASS 1999
1297     11886927   PASS 1999
1298     90900032   PASS 1999
1299     90900032   FAIL 1999
1300     37758475   FAIL 1999
1301     69923101   FAIL 1999
1302     62930791   FAIL 1999
1303     33563089   PASS 1999
1304      9090003   PASS 1999
1305      4195386   PASS 1999
1306     51743095   FAIL 1999
1307     33563089   PASS 1999
1308     95095418   FAIL 1999
1309     58735405   PASS 1999
1310     13984620   FAIL 1999
1311     69923101   FAIL 1999
1312     41953861   FAIL 1999
1313     16781544   FAIL 1999
1314     97892342   PASS 1999
1315     29367703   FAIL 1999
1316    160823133   PASS 1999
1317    146838513   FAIL 1999
1318    202776994   FAIL 1999
1319    174807753   FAIL 1999
1320       839077   PASS 1999
1321      9789234   FAIL 1999
1322     83907722   FAIL 1999
1323    111876962   PASS 1999
1324     69923101   FAIL 1999
1325     90900032   PASS 1999
1326    111876962   FAIL 1999
1327     55938481   FAIL 1999
1328     55938481   FAIL 1999
1329     27969241   FAIL 1999
1330     27969241   PASS 1999
1331    125861583   FAIL 1999
1332    104884652   FAIL 1999
1333    244730855   FAIL 1999
1334     41953861   FAIL 1999
1335     18578720   FAIL 1998
1336     64310954   PASS 1998
1337     14291323   FAIL 1998
1338    200078524   FAIL 1998
1339     75744013   PASS 1998
1340     64310954   FAIL 1998
1341     35728308   FAIL 1998
1342      2143698   FAIL 1998
1343     38586572   FAIL 1998
1344    114330585   PASS 1998
1345     21436985   FAIL 1998
1346     35728308   PASS 1998
1347    121476247   FAIL 1998
1348     37157440   PASS 1998
1349     26438948   FAIL 1998
1350      1857872   FAIL 1998
1351      2858265   FAIL 1998
1352    178641539   FAIL 1998
1353     24295249   PASS 1998
1354      4287397   PASS 1998
1355     42873969   PASS 1998
1356      8574794   PASS 1998
1357      1929329   FAIL 1998
1358    114330585   PASS 1998
1359     85747939   FAIL 1998
1360    128621908   FAIL 1998
1361     68598351   FAIL 1998
1362        97181   FAIL 1998
1363     85747939   PASS 1998
1364     92893600   PASS 1998
1365     57165293   PASS 1998
1366     17149588   FAIL 1998
1367      2500982   FAIL 1998
1368     50019631   PASS 1998
1369     14291323   FAIL 1998
1370      1429132   FAIL 1998
1371     92893600   FAIL 1998
1372     37157440   PASS 1998
1373    114330585   FAIL 1998
1374      8574794   PASS 1998
1375      7145662   PASS 1998
1376     57165293   FAIL 1998
1377      2858265   PASS 1998
1378    104326659   FAIL 1998
1379    100039262   PASS 1998
1380     71456616   PASS 1998
1381     85747939   PASS 1998
1382     21436985   FAIL 1998
1383     21436985   FAIL 1998
1384     50019631   FAIL 1998
1385     92893600   FAIL 1998
1386     71456616   FAIL 1998
1387     85747939   FAIL 1998
1388     28582646   FAIL 1998
1389     74314880   FAIL 1998
1390     85747939   FAIL 1998
1391     31440911   PASS 1998
1392     20007852   PASS 1998
1393     28582646   FAIL 1998
1394     12862191   FAIL 1998
1395     28582646   FAIL 1998
1396     92893600   PASS 1998
1397     40634668   PASS 1997
1398      4353714   FAIL 1997
1399    123355241   FAIL 1997
1400     87074287   PASS 1997
1401     76915621   PASS 1997
1402     72561906   PASS 1997
1403     26122286   FAIL 1997
1404    181404766   FAIL 1997
1405     21768572   FAIL 1997
1406     46439620   PASS 1997
1407       362810   PASS 1997
1408      4208591   PASS 1997
1409      2902476   PASS 1997
1410    116099050   FAIL 1997
1411    116099050   FAIL 1997
1412    130611431   PASS 1997
1413      7256191   PASS 1997
1414     87074287   PASS 1997
1415     58049525   PASS 1997
1416    116099050   FAIL 1997
1417     72561906   PASS 1997
1418     52244573   FAIL 1997
1419     79818097   PASS 1997
1420     14512381   FAIL 1997
1421     21768572   PASS 1997
1422    101586669   PASS 1997
1423     24671048   PASS 1997
1424        36281   FAIL 1997
1425     17414858   PASS 1997
1426     39183429   FAIL 1997
1427     50793334   FAIL 1997
1428     65305716   FAIL 1997
1429    130611431   FAIL 1997
1430     29024763   PASS 1997
1431     43537144   PASS 1997
1432     50793334   FAIL 1997
1433     66756954   FAIL 1997
1434      1451238   FAIL 1997
1435     34829715   PASS 1997
1436     29024763   PASS 1997
1437     50793334   PASS 1997
1438     58049525   PASS 1997
1439    145123812   PASS 1997
1440     82720573   PASS 1997
1441    137867622   FAIL 1997
1442     72561906   FAIL 1997
1443    108842859   FAIL 1997
1444     72561906   FAIL 1997
1445    116099050   FAIL 1997
1446    290247625   PASS 1997
1447    130611431   PASS 1997
1448      5049561   FAIL 1996
1449      6683242   PASS 1996
1450     96535720   FAIL 1996
1451     81684071   FAIL 1996
1452     84654401   FAIL 1996
1453      8762473   PASS 1996
1454     74258246   FAIL 1996
1455     29703299   PASS 1996
1456     10396154   PASS 1996
1457      4455495   PASS 1996
1458     29703299   FAIL 1996
1459      2970330   FAIL 1996
1460     19307144   PASS 1996
1461    111387369   PASS 1996
1462     89109896   FAIL 1996
1463     37129123   FAIL 1996
1464       371291   PASS 1996
1465    118813194   PASS 1996
1466    118813194   FAIL 1996
1467     21534891   FAIL 1996
1468     22277474   PASS 1996
1469      6683242   PASS 1996
1470     13366484   PASS 1996
1471    118813194   FAIL 1996
1472     26732969   FAIL 1996
1473     68317587   PASS 1996
1474     74258246   FAIL 1996
1475      3712912   PASS 1996
1476     69802752   FAIL 1996
1477     22277474   PASS 1996
1478     51980772   PASS 1996
1479     81684071   FAIL 1996
1480     44554948   PASS 1996
1481     66832422   FAIL 1996
1482    148516493   FAIL 1996
1483     96535720   FAIL 1996
1484     62376927   PASS 1996
1485    111387369   FAIL 1996
1486      4604011   FAIL 1996
1487    130694514   PASS 1996
1488      1485165   PASS 1996
1489       445549   PASS 1996
1490     99370665   PASS 1995
1491     76438973   FAIL 1995
1492    152877946   FAIL 1995
1493      3821949   FAIL 1995
1494    110072121   FAIL 1995
1495     79496532   FAIL 1995
1496     84082870   PASS 1995
1497     20944279   PASS 1995
1498     76438973   FAIL 1995
1499     30575589   FAIL 1995
1500    137590151   FAIL 1995
1501      6115118   FAIL 1995
1502     30575589   PASS 1995
1503     99370665   PASS 1995
1504      9325555   FAIL 1995
1505     30575589   FAIL 1995
1506     76438973   PASS 1995
1507     84082870   PASS 1995
1508     42805825   PASS 1995
1509     88669209   PASS 1995
1510     50449722   PASS 1995
1511     45863384   FAIL 1995
1512     25224861   PASS 1995
1513     61151178   PASS 1995
1514     53507281   FAIL 1995
1515     38219486   PASS 1995
1516     94784326   PASS 1995
1517     33633148   PASS 1995
1518       382195   PASS 1995
1519     33633148   PASS 1995
1520     48920943   FAIL 1995
1521      9172677   FAIL 1995
1522     45863384   FAIL 1995
1523     44334604   FAIL 1995
1524    267536405   FAIL 1995
1525      1223024   PASS 1995
1526     18859976   FAIL 1994
1527     78583235   FAIL 1994
1528        42435   FAIL 1994
1529     22003306   PASS 1994
1530     25146635   FAIL 1994
1531     28289965   PASS 1994
1532     86441558   FAIL 1994
1533     47149941   PASS 1994
1534     23574970   PASS 1994
1535     47149941   FAIL 1994
1536     15716647   FAIL 1994
1537     94299882   PASS 1994
1538     12573318   PASS 1994
1539     47149941   PASS 1994
1540     86441558   FAIL 1994
1541     55008264   PASS 1994
1542     70724911   PASS 1994
1543     62866588   FAIL 1994
1544    124633011   FAIL 1994
1545     28289965   FAIL 1994
1546     34576623   FAIL 1994
1547     62866588   FAIL 1994
1548     39291617   FAIL 1994
1549     70724911   FAIL 1994
1550     44006612   FAIL 1994
1551    157166470   FAIL 1994
1552    104809829   FAIL 1993
1553     22574425   FAIL 1993
1554     11125966   PASS 1993
1555     40311473   FAIL 1993
1556     23541900   FAIL 1993
1557     45148849   PASS 1993
1558    101584911   PASS 1993
1559     40311473   PASS 1993
1560       483738   PASS 1993
1561     40311473   PASS 1993
1562     67723274   FAIL 1993
1563     54823603   PASS 1993
1564     70948192   FAIL 1993
1565     38699014   FAIL 1993
1566     24186884   FAIL 1993
1567     40311473   PASS 1993
1568     54791459   FAIL 1992
1569     66413889   PASS 1992
1570     46489723   FAIL 1992
1571     91319098   FAIL 1992
1572     18263820   FAIL 1992
1573    132827779   FAIL 1992
1574     11622431   PASS 1992
1575     91319098   PASS 1992
1576        11622   FAIL 1992
1577     20754340   FAIL 1992
1578     69734584   FAIL 1992
1579     33206945   FAIL 1992
1580     58112153   FAIL 1992
1581     18263820   FAIL 1992
1582      1992417   FAIL 1992
1583      6641389   FAIL 1992
1584     16603472   FAIL 1992
1585     19924167   FAIL 1992
1586     13282778   PASS 1992
1587     33206945   FAIL 1992
1588     34216807   PASS 1991
1589     34216807   FAIL 1991
1590    119758826   FAIL 1991
1591    111204624   PASS 1991
1592     85542018   FAIL 1991
1593        39349   PASS 1991
1594     46192690   FAIL 1991
1595     42771009   PASS 1991
1596    171084037   FAIL 1991
1597     51325211   PASS 1991
1598     39349328   FAIL 1991
1599     34216807   PASS 1991
1600     23951765   FAIL 1991
1601     71319016   FAIL 1990
1602     23178680   PASS 1990
1603     12480828   FAIL 1990
1604    124808278   FAIL 1990
1605     35659508   PASS 1990
1606     46357360   PASS 1990
1607     39225459   FAIL 1990
1608     44574385   FAIL 1990
1609     26744631   FAIL 1990
1610     12480828   PASS 1990
1611     62404139   FAIL 1990
1612     24961656   PASS 1990
1613     53489262   FAIL 1990
1614    222871925   FAIL 1990
1615     17829754   PASS 1990
1616     75183554   PASS 1989
1617     65785609   FAIL 1989
1618     18795888   FAIL 1989
1619     30825257   FAIL 1989
1620     16916300   PASS 1989
1621     90220264   FAIL 1989
1622     78942731   FAIL 1989
1623     20675477   FAIL 1989
1624     18795888   FAIL 1989
1625      2255507   FAIL 1989
1626     56387665   FAIL 1989
1627    131571219   PASS 1989
1628     33832599   PASS 1989
1629      9397944   FAIL 1989
1630     13787529   FAIL 1988
1631     15757176   FAIL 1988
1632     29544705   PASS 1988
1633      2954471   FAIL 1988
1634     17726823   PASS 1988
1635     27575058   PASS 1988
1636     55150116   PASS 1988
1637     59089410   FAIL 1988
1638     31514352   PASS 1988
1639     11817882   PASS 1988
1640     18711647   PASS 1988
1641     49241175   FAIL 1988
1642     63028704   PASS 1988
1643     24226658   PASS 1988
1644     13787529   FAIL 1988
1645      7878588   FAIL 1988
1646     29544705   FAIL 1988
1647    137875291   FAIL 1988
1648     25605411   FAIL 1988
1649     41007948   FAIL 1987
1650      7176391   FAIL 1987
1651     28705563   FAIL 1987
1652     26655166   FAIL 1987
1653      2050397   PASS 1987
1654     30755961   FAIL 1987
1655     36907153   FAIL 1987
1656     32806358   FAIL 1987
1657    246047687   FAIL 1987
1658     46544021   FAIL 1987
1659     34856756   PASS 1987
1660     51259935   FAIL 1987
1661     17428378   FAIL 1987
1662     30755961   FAIL 1987
1663     36104000   PASS 1986
1664     10618824   FAIL 1986
1665     33980236   PASS 1986
1666     63712942   FAIL 1986
1667     63712942   FAIL 1986
1668     38227765   PASS 1986
1669     12742588   FAIL 1986
1670     16990118   FAIL 1986
1671     31856471   PASS 1986
1672     31856471   FAIL 1986
1673     41136059   FAIL 1985
1674     32475836   PASS 1985
1675     21650558   FAIL 1985
1676     38971004   FAIL 1985
1677     43301115   FAIL 1985
1678     54126394   FAIL 1985
1679       866022   FAIL 1985
1680     38754498   PASS 1985
1681     58456506   PASS 1985
1682     32475836   PASS 1985
1683     78450540   FAIL 1984
1684     40345992   PASS 1984
1685     33621660   FAIL 1984
1686     22414440   FAIL 1984
1687     40345992   FAIL 1984
1688    100864980   FAIL 1984
1689      5827754   PASS 1984
1690     67243320   FAIL 1984
1691     24655884   FAIL 1984
1692     62760432   FAIL 1984
1693     10086498   FAIL 1984
1694      3362166   FAIL 1984
1695     17931552   FAIL 1984
1696     40345992   FAIL 1984
1697     89657760   PASS 1984
1698     14345242   FAIL 1984
1699     16375486   PASS 1983
1700     76029041   FAIL 1983
1701     91234849   PASS 1983
1702     13923842   FAIL 1983
1703     28072261   FAIL 1983
1704     67571504   FAIL 1982
1705     30165850   PASS 1982
1706     48265360   FAIL 1982
1707     12066340   FAIL 1982
1708     25339314   FAIL 1982
1709     10859706   FAIL 1982
1710     33785752   FAIL 1982
1711      5429853   FAIL 1982
1712     25821968   PASS 1982
1713      9653072   FAIL 1982
1714     28959216   FAIL 1982
1715     49471994   PASS 1982
1716     36199020   FAIL 1982
1717     41025556   FAIL 1982
1718     30742635   FAIL 1981
1719     15371317   FAIL 1981
1720      3202358   FAIL 1981
1721      6404716   PASS 1981
1722     23825542   FAIL 1981
1723     28180748   FAIL 1981
1724     51237724   FAIL 1981
1725       960707   FAIL 1981
1726     30742635   FAIL 1981
1727      9897188   FAIL 1980
1728     56555357   PASS 1980
1729     50899822   PASS 1980
1730     98971875   FAIL 1980
1731     48072054   FAIL 1980
1732    124421786   FAIL 1980
1733     42416518   PASS 1980
1734     50899822   FAIL 1980
1735     14421616   FAIL 1980
1736     65038661   FAIL 1980
1737    152699465   FAIL 1980
1738     76349732   FAIL 1980
1739     50899822   PASS 1980
1740     53727589   FAIL 1980
1741     28886103   PASS 1979
1742    101101360   FAIL 1979
1743     99496576   FAIL 1979
1744    112334844   FAIL 1979
1745     59376989   PASS 1979
1746     10712118   FAIL 1978
1747     99979768   FAIL 1978
1748     10712118   PASS 1978
1749     21424236   PASS 1978
1750     53560590   FAIL 1978
1751      6248735   FAIL 1978
1752    196388829   FAIL 1978
1753     53560590   FAIL 1978
1754     99921804   FAIL 1977
1755     15372585   PASS 1977
1756     76862926   FAIL 1977
1757       384315   FAIL 1977
1758     13066697   FAIL 1977
1759     23058878   PASS 1977
1760     42274609   FAIL 1977
1761    122754817   FAIL 1976
1762     12275482   PASS 1976
1763     28642791   FAIL 1976
1764     15548943   PASS 1976
1765      4091827   FAIL 1976
1766     18004040   FAIL 1976
1767     40918272   PASS 1976
1768      4091827   FAIL 1976
1769     47609104   FAIL 1975
1770     51937204   FAIL 1975
1771      1731240   FAIL 1975
1772     19043641   FAIL 1975
1773      5193720   FAIL 1975
1774     42513535   PASS 1974
1775     12281688   FAIL 1974
1776      7557962   FAIL 1974
1777     61408439   PASS 1974
1778       661322   FAIL 1974
1779       661322   FAIL 1974
1780     13226433   FAIL 1974
1781      4074506   FAIL 1973
1782     82329139   FAIL 1973
1783     10487788   FAIL 1973
1784     62926730   PASS 1973
1785     28841418   FAIL 1973
1786     22288557   FAIL 1972
1787        66866   PASS 1972
1788     39004975   FAIL 1972
1789     14386286   FAIL 1971
1790    305063707   FAIL 1971
1791    143862856   FAIL 1971
1792     12659931   FAIL 1971
1793     17263543   FAIL 1971
1794      5997631   PASS 1970
