     clean_test    budget  domgross
1        notalk  13000000  25682380
2            ok  45000000  13414714
3        notalk  20000000  53107035
4        notalk  61000000  75612460
5           men  40000000  95020213
6           men 225000000  38362475
7        notalk  92000000  67349198
8            ok  12000000  15323921
9            ok  13000000  18007317
10       notalk 130000000  60522097
11           ok  40000000 148430908
12           ok  25000000  37304874
13           ok  50000000  19452138
14           ok  18000000  33345833
15       notalk  55000000 107136417
16           ok  30000000  35266619
17      nowomen  78000000 119640264
18           ok  76000000 368065385
19      dubious   5500000  24477704
20           ok 120000000  93050117
21          men 110000000  61737191
22           ok 100000000 107518682
23           ok  40000000  57012977
24          men  70000000  25213103
25           ok  17000000  54239856
26           ok 160000000 238679850
27           ok 150000000 393050114
28           ok 140000000 122523060
29       notalk  60000000  46000903
30           ok  30000000   4167493
31      nowomen 110000000 271814796
32          men  80000000 133668525
33           ok  50000000  55703475
34          men  23000000  25000178
35          men  35000000 134506920
36          men   5000000  83586447
37      dubious 200000000 408992272
38      nowomen 195000000  65187603
39           ok  28000000  28795985
40       notalk  28000000  63914167
41           ok  30000000 116632095
42           ok   2000000   8008161
43           ok  15000000  71628180
44           ok 225000000 291045518
45           ok  12000000  17482517
46       notalk  75000000 117723989
47          men 120000000  89107235
48       notalk  70000000  98927592
49           ok 200000000 234770996
50       notalk 190000000 101802906
51       notalk  26000000  49875291
52           ok  35000000  17616641
53      dubious  15000000   9177065
54           ok  90000000  68559554
55           ok  46000000  61002302
56       notalk 130000000  33618855
57           ok  84000000  53262560
58       notalk  38000000  42025135
59      nowomen  30000000  19316646
60       notalk  38000000  26947624
61           ok  28000000  71399120
62           ok  35000000  82834332
63           ok  30000000  32172757
64       notalk 190000000 228778661
65           ok  20000000  34341945
66           ok  32500000  21819348
67           ok  19000000  21345525
68           ok  13000000  51872378
69           ok  20000000 137400141
70           ok  25000000  16973715
71          men 135000000 187168425
72          men  30000000  36918811
73       notalk  26000000   3254172
74      nowomen  19200000      #N/A
75      dubious 190000000 144840419
76          men 103000000 112200072
77           ok  43000000 159581587
78       notalk 250000000 257397516
79      dubious  50000000  26623701
80           ok 130000000 424088260
81       notalk  32000000  22537881
82       notalk  58000000  44672764
83           ok   4000000  15179303
84       notalk 275000000  89289910
85           ok  60000000  31165421
86      dubious   3000000  64473115
87           ok 110000000  71017784
88           ok   1500000   3491669
89           ok   5000000  21502690
90       notalk 100000000 115702857
91           ok 115000000 132556852
92          men  20000000  26004851
93       notalk  32000000 101470202
94      dubious 170000000 204674790
95      nowomen  16000000   2322593
96      dubious 135000000  83028130
97          men  30000000  66380662
98           ok  37000000 150394119
99          men 150000000  73103784
100     dubious 190000000 202359711
101     dubious  67500000  37519139
102     nowomen  12000000  70012847
103     dubious   9700000   6738954
104         men  49000000  12816367
105          ok  44500000 136025503
106      notalk 209000000  65235400
107     dubious   1800000  12795746
108          ok   1200000    595018
109          ok 185000000 237282182
110     nowomen  55000000   9489829
111      notalk   1000000  18119640
112      notalk  12000000  64575175
113          ok 102000000  27108272
114          ok  25000000  66528000
115      notalk 100000000 162805434
116     dubious  31000000  93772375
117     nowomen  39000000  35287788
118          ok  87000000 165092266
119          ok  85000000 148313048
120      notalk  60000000  80070736
121         men   3450000    687185
122          ok 275000000  73058679
123     nowomen  15000000  14945541
124          ok  65000000 148809770
125      notalk 120000000 124987022
126          ok  65000000 182207973
127         men 145000000 216391482
128      notalk 215000000 179020854
129     dubious  85000000  64935167
130          ok  16000000  45512466
131     dubious   8000000  22549338
132          ok  42000000  26414527
133          ok   5000000  53900335
134      notalk  60000000  56003051
135          ok  25000000  77267296
136          ok  16000000  12431792
137          ok  17000000  65001093
138          ok  35000000  20275446
139      notalk  65000000  44806783
140         men  58000000  49876377
141      notalk 145000000 103412758
142          ok  70000000  38518613
143      notalk  33000000  17142080
144          ok    750000   4010957
145      notalk  13500000  15024049
146          ok  20000000  17530219
147          ok  21000000 132092958
148         men   3000000  48086903
149     dubious 200000000 304360277
150          ok 170000000 155136755
151          ok  10000000  24397469
152          ok   5000000  14124286
153          ok  33000000  35074677
154         men     60000      4917
155         men  50000000 218665740
156      notalk  67500000  36931089
157         men 220000000 262030663
158      notalk  60000000  23385416
159      notalk 275000000 448139099
160          ok   1000000  53261944
161      notalk  65000000  59650222
162          ok 100000000  85028192
163     nowomen  25000000  51580136
164     nowomen 250000000 303003568
165          ok  80000000 408010692
166         men  40000000  19019882
167      notalk  15000000  15634090
168      notalk  37500000  16247159
169      notalk  55000000  31051126
170      notalk  15000000  21403519
171     dubious 136200000 292324737
172          ok   8738320 125014030
173         men  55000000  34353000
174      notalk  15000000  54333290
175      notalk   6000000  11494838
176          ok  12000000  91547205
177         men  21500000  16684352
178      notalk 125000000  58877969
179          ok  70000000  62321039
180          ok  32500000  17288155
181          ok  37500000  41152203
182          ok  19000000   5310554
183      notalk 150000000  83670083
184          ok 165000000 189412677
185          ok  52500000  95720716
186      notalk  28000000  37053924
187         men   8000000  35016118
188     dubious  20000000   5702083
189          ok   4000000      #N/A
190      notalk  20000000  35061031
191          ok    175000   1321194
192     nowomen   5000000  17686929
193      notalk  85000000  46462469
194          ok  13000000   1024175
195          ok  19000000 100292856
196      notalk  70000000  83552429
197      notalk  17000000  27865571
198      notalk   4500000    200558
199          ok  32500000 169106725
200      notalk 140000000 176654505
201         men 200000000 191450875
202          ok    900000    454121
203      notalk  40000000  36665854
204     dubious  20000000  38264085
205          ok  60000000  75658097
206         men  10000000    749641
207      notalk 163000000 100240551
208          ok  10000000      #N/A
209      notalk  18000000  52698535
210         men  37000000  72286779
211          ok  50000000  21302340
212     dubious  15000000  35060689
213          ok 125000000 209837675
214         men  40000000  42587643
215          ok  24000000  51802742
216     dubious  30000000  18298649
217      notalk 200000000 116601172
218         men  36000000  45060734
219          ok  30000000  40259119
220      notalk 125000000 381011219
221     nowomen  23000000  18942396
222      notalk   7000000    382946
223          ok   1800000    841056
224     nowomen   3000000    703372
225         men  63000000 108085305
226          ok  35000000 117538559
227     dubious 180000000  73864507
228      notalk  50000000  55100437
229         men  75000000  83504017
230      notalk  35000000  37553932
231          ok   5500000   5580479
232          ok 100000000    311434
233     dubious  45000000   8305970
234          ok   7000000  37295394
235     dubious  80000000 103028109
236     dubious    800000     29063
237     nowomen  70000000  25124986
238          ok 150000000 165249063
239     dubious   5500000    611709
240          ok    250000   3395391
241      notalk  27000000  79249455
242          ok  14000000     47185
243      notalk   3400000   5353586
244     dubious 150000000  21392758
245          ok   1000000   2981038
246          ok   9400000   3030848
247          ok  30000000  56816662
248      notalk 145000000 209397903
249      notalk  50000000  75605492
250      notalk  55000000  68224452
251          ok  26000000  54544638
252          ok  25000000  70662220
253          ok   1000000   5355847
254          ok   5000000  24814830
255          ok   5000000 104028807
256          ok  40000000  37412945
257      notalk 250000000 241063875
258      notalk  60000000  29136626
259      notalk 130000000 149260504
260      notalk 135000000 123257581
261      notalk 110000000  85463309
262          ok  42000000  37662162
263          ok   4000000   1065429
264          ok   8000000    163753
265      notalk  90000000 143619809
266      notalk  93000000 176760185
267      notalk   6500000   4002293
268          ok   6000000   1348205
269          ok  18000000  43853424
270      notalk  32000000  54712227
271          ok  25000000  10324441
272          ok  75000000  36392502
273          ok  50000000 127004179
274          ok   4750000   1728953
275     dubious  50200000  62495645
276      notalk 130000000  77591831
277      notalk  16000000  44667095
278          ok  10000000  46383639
279     dubious  30000000  42073277
280          ok  34800000  21443494
281          ok   3000000     18000
282          ok   1000000    568662
283      notalk  90000000 102515793
284      notalk 110000000  98780042
285      notalk   6000000   5359774
286          ok  25000000 169705587
287          ok  14000000  29959436
288      notalk  40000000  58009200
289     nowomen  42500000  29121498
290      notalk  45000000  88625922
291     dubious  37000000  33047633
292          ok  16000000  37300107
293          ok 110000000 142614158
294         men  90000000  20377913
295     nowomen  35000000  13305665
296          ok 127500000 281287133
297          ok 150000000 181030624
298      notalk  21000000  24149393
299      notalk  85000000  78046570
300          ok 195000000 352390543
301      notalk  70000000  79883359
302      notalk  25000000  13657115
303         men  50000000  75624550
304      notalk    190000    484592
305          ok  20000000  14011084
306     nowomen  30000000  26692846
307          ok 160000000 146408305
308          ok  12000000  16311571
309          ok    120000   1597486
310     dubious  18000000  18335230
311          ok 200000000 334191110
312      notalk   4200000   1044039
313          ok   8000000   3205706
314          ok  30000000   7502560
315      notalk   3200000   5790894
316      notalk  35000000   5101237
317          ok  13000000 106954678
318         men   1000000   9737892
319          ok  55000000  39440655
320      notalk  12500000   2039869
321      notalk  15000000    123570
322      notalk  44000000  31206263
323     dubious 125000000 163214888
324          ok  12500000   6797696
325      notalk  37000000  44875481
326          ok  15000000  20218921
327      notalk   7000000   7468936
328          ok  55000000  98711404
329     nowomen  25000000  80014842
330          ok  69000000 251513985
331          ok  10000000  33679655
332          ok  15000000  64003625
333      notalk  69000000  73026337
334          ok  25000000  24046682
335      notalk  65000000 100539043
336     nowomen  20000000   1186538
337          ok   8000000  58401464
338          ok  60000000  80574010
339      notalk  60000000  43313890
340      notalk   5000000   2712131
341          ok  50000000  11497497
342     nowomen  12000000  23240020
343          ok  21000000  37729698
344      notalk 150000000 393050114
345      notalk  40000000  61153526
346          ok  32000000  17804299
347     nowomen 100000000  35497337
348          ok  75000000 162001186
349         men   9900000    458054
350          ok 125000000 295983305
351      notalk  36000000  50269859
352          ok 165000000 217581231
353          ok  10000000   5005465
354     dubious 160000000 292576195
355          ok   1500000  54009150
356          ok 170000000 312433331
357      notalk   8000000   6363628
358      notalk  28000000  48071303
359         men 117000000  76423035
360          ok  26000000  40168080
361      notalk  20000000  12134935
362     dubious  30000000  53032453
363         men  30000000  32367005
364          ok  12500000  26593646
365          ok   8000000   1095369
366         men   2000000    977772
367     nowomen 130000000 148415853
368     nowomen    500000    237301
369          ok  40000000  31011732
370          ok  35000000  29197642
371          ok  15000000   2434652
372          ok   3000000  84752907
373     dubious  95000000  88768303
374          ok   3000000   4033574
375     nowomen  40000000  52000688
376     nowomen 200000000  90759676
377          ok   5000000   2229058
378          ok  15000000  26167002
379         men  60000000  90380162
380          ok  16000000  19068240
381          ok  32000000  13942007
382     dubious 210000000 105487148
383          ok 130000000 118311368
384          ok  85000000  31611316
385          ok  35000000  59699513
386          ok  95000000  95347692
387      notalk 165000000 238736787
388      notalk  80000000 128012934
389     dubious  10000000  21416355
390     dubious   7000000   1785645
391      notalk   1900000    467602
392      notalk   2500000    327716
393      notalk  32000000  57744720
394          ok 260000000 200821936
395     nowomen 110000000  77222099
396          ok  35000000  37490007
397          ok 155000000 104386950
398     dubious  25000000  11538204
399          ok  19000000  39123589
400          ok  20000000  31177548
401      notalk  82000000 103068524
402         men  11000000  93617009
403         men  45000000  15541549
404     nowomen  16500000  39868642
405     dubious  40000000 176591618
406          ok   4000000  20811365
407      notalk  13000000    217277
408          ok  15000000 138797449
409      notalk 150000000 131772187
410          ok   1800000  41034350
411      notalk  25000000  23591432
412          ok  30000000  21148651
413     nowomen 100000000 119219978
414          ok   9500000   3573673
415      notalk  40000000  96962694
416      notalk 160000000  63150991
417          ok  28000000  24307106
418         men  19000000  27758465
419          ok  20000000    277943
420     nowomen 100000000  67631157
421      notalk  37000000  92186262
422          ok  68000000 300531751
423      notalk 150000000  62189884
424          ok     50000    391674
425     dubious 200000000 415004880
426      notalk 200000000 172062763
427          ok  35000000 171243005
428          ok   5000000    223838
429     dubious  95000000  81562942
430          ok  52000000 110485654
431     dubious  70000000  52474616
432          ok  10000000    152857
433      notalk   8000000    109338
434          ok   2000000   6531503
435          ok  13000000      #N/A
436     nowomen  80000000 100246011
437          ok  20000000  25702053
438          ok  15000000   3247816
439      notalk   7500000  32391374
440          ok  40000000  64167069
441      notalk 200000000 166112167
442     nowomen  30000000  31749894
443     dubious  14000000  15515460
444         men   7000000   9228788
445      notalk   7000000   9176000
446         men   3200000   2277396
447         men   9800000  16044025
448      notalk  70000000    619423
449         men   1000000    621859
450          ok  15000000  33862903
451          ok   7500000  12574914
452     nowomen 150000000 133375846
453     nowomen  20000000  15988876
454     dubious  65000000  19551067
455         men 425000000 760507625
456          ok  21000000   9451946
457     nowomen  42000000  60054530
458          ok  30000000  58715510
459          ok   8500000   4444637
460      notalk  17000000  27163593
461          ok  26000000  28544157
462      notalk  20000000  14363397
463          ok  27000000  13261851
464         men  13000000   3075255
465      notalk 100000000 124870275
466          ok  23000000   6113834
467          ok  60000000  75286229
468      notalk  20000000  30101577
469         men    800000     46742
470      notalk  30000000 115646235
471          ok  30000000  42100625
472      notalk  16000000    337997
473         men  20000000   9208876
474      notalk  40000000  21002919
475      notalk  85000000 155064265
476      notalk  20000000  17231291
477          ok   3000000    374675
478         men  17000000  65002019
479      notalk  72500000  51855045
480      notalk 150000000 119436770
481      notalk 175000000 150201498
482      notalk  50000000  20534907
483      notalk   7000000   9176933
484      notalk   7300000   1818681
485          ok 250000000 301959197
486          ok  40000000  93953653
487     nowomen  18000000         0
488      notalk  13000000   2037459
489         men  40000000  71440011
490      notalk  90000000 196573705
491     dubious  70000000 120831050
492      notalk  49000000  37491364
493          ok  85000000 112735375
494          ok  16000000  16204793
495          ok  40000000  94125426
496      notalk  50000000  79957634
497      notalk  53000000  73357727
498          ok   4500000    281447
499     dubious  42000000   1259693
500     dubious 175000000 198351526
501      notalk   5000000   5010163
502          ok   7000000   1110509
503         men  14000000  51545952
504          ok  27500000  49200230
505         men  80000000  19676965
506      notalk  50000000  38122883
507     dubious   1900000   1445366
508          ok  12000000    550472
509         men   4300000    199228
510      notalk  40000000  10330853
511     nowomen   6600000       828
512      notalk  60000000  42194060
513          ok  10000000  47566524
514      notalk 102500000  97104620
515          ok  38000000  31811527
516      notalk  90000000 209028679
517          ok  30000000  17010170
518          ok 140000000 257730019
519          ok  60000000  37017955
520      notalk  80000000  38577772
521         men 200000000 125322469
522         men  35000000 255959475
523     nowomen  50000000   8017467
524     nowomen   8000000  10273187
525          ok  25000000  15051977
526          ok   8300000    493296
527          ok  40000000  66477700
528          ok  10000000  26218170
529     dubious  90000000 102515793
530     dubious   1300000    695840
531          ok  10000000    100688
532      notalk  35000000 277322503
533      notalk  30000000   7689607
534      notalk  22000000  33316821
535         men  18500000  18451251
536          ok  18000000   6617867
537          ok  95000000  44114232
538     nowomen  24000000  32428195
539      notalk   6500000   1109660
540          ok 105000000 104400899
541         men  40000000 163958031
542      notalk  25000000   8114270
543     nowomen   8000000    690290
544      notalk  60000000  31720158
545     nowomen 110000000  65452312
546     dubious  39000000  63414846
547         men  38000000  88915214
548          ok  16000000  42670410
549          ok  35000000  11001272
550          ok 210000000 402111870
551      notalk 175000000 293004164
552         men  30000000  83823381
553          ok   9000000      #N/A
554         men 138000000 107509799
555     dubious  15000000   5306706
556      notalk 100000000  77233467
557          ok  15000000  13043363
558          ok  35000000  10275638
559     dubious 150000000 179883157
560          ok    200000      #N/A
561      notalk  18000000  15285588
562          ok  23600000  75590286
563          ok  35000000  81159365
564      notalk  20000000  20211394
565         men 130000000  49554002
566          ok  30000000  60494212
567      notalk  20000000  11175164
568          ok  80000000 110101975
569          ok  25000000   3073392
570          ok 150000000 114053759
571      notalk  37000000  60355347
572          ok  55000000  35739802
573      notalk  58000000    293708
574          ok  38000000   7871693
575          ok  25000000  80048433
576          ok  18000000      #N/A
577      notalk  65000000  36316032
578          ok  50000000  28644813
579          ok   7000000  32241649
580          ok  33000000  11008770
581          ok  20000000  33446470
582      notalk  80000000 101440743
583          ok  14000000   2656784
584         men    500000  33456317
585     nowomen  25000000  14543943
586          ok  30000000  63172463
587          ok  80000000 120146040
588      notalk  29000000  18622031
589          ok   1000000   2511476
590          ok  34000000  15090399
591      notalk  20000000  13252641
592         men  25000000 148095302
593          ok   9000000   4886216
594     nowomen 150000000 227946274
595          ok  82500000  75986503
596          ok  11000000  90559416
597         men  30000000  19528602
598      notalk  15000000   7800825
599      notalk 185000000 317023851
600          ok  60000000  17303424
601         men 186000000 318604126
602      notalk  45000000 101704370
603      notalk  82500000  81168265
604      notalk 130000000 215434591
605      notalk   4500000   2122085
606         men  40000000  46012734
607          ok  35000000  40687294
608      notalk  60000000  11803254
609      notalk  20000000  31841299
610         men  45000000   7916887
611          ok  10000000  31487293
612          ok  37000000  48006762
613         men  26000000  87341380
614     nowomen   1500000      3865
615          ok  25000000  10103647
616          ok  18000000  43869350
617      notalk 230000000 169368427
618          ok  12000000  31691811
619          ok  12000000  12796861
620          ok  45000000  22911480
621      notalk  18000000   5700626
622          ok  54000000  69951824
623          ok  57500000 152647258
624      notalk  14000000 141319928
625          ok 120000000  43945766
626     dubious   7000000      #N/A
627      notalk  65000000 100468793
628          ok   5000000  12062558
629     dubious  20000000   3083538
630          ok  25000000 145000989
631          ok  20000000  30060660
632     dubious  20000000   3531756
633          ok 225000000 141621490
634     dubious 160000000 127509326
635     dubious 185000000 533345358
636          ok  80000000  79366978
637          ok  12000000  31418697
638      notalk  55000000  52075270
639          ok  25000000  48237389
640      notalk  15000000  17017811
641      notalk 137500000 134806913
642          ok  14000000    266967
643          ok  40000000  26814957
644      notalk  32500000  34194407
645          ok  11000000  37770162
646          ok  27000000  44089964
647     dubious   9000000  52597610
648          ok  60000000  50877145
649          ok  16000000  26902075
650      notalk   6000000  26238243
651      notalk  20000000      #N/A
652          ok  15000000   2203641
653     nowomen  90000000 110461307
654          ok  37000000 192769854
655      notalk  90000000  83077762
656          ok  16000000  23216709
657      notalk 180000000 223808164
658     nowomen   2000000   2283849
659      notalk  75000000 134508551
660     dubious  27500000  42436517
661          ok    300000    865695
662          ok  35000000  80277646
663      notalk  50000000  97690976
664          ok   2100000      #N/A
665          ok  22500000  71985628
666          ok  15000000  28638916
667     nowomen  48000000  53606916
668         men  30000000  39568996
669      notalk  30000000  16930884
670          ok  45000000  24343673
671          ok  30000000  50980159
672          ok  16500000  18663911
673          ok 150000000  82195215
674          ok  61000000 118594548
675          ok  25000000  82234139
676          ok   8000000    458232
677         men  12000000   3950294
678          ok  75000000  66661095
679          ok  21000000  42739347
680          ok   2750000    952620
681          ok  20000000  80209692
682          ok  50000000  17181265
683          ok  85000000 127706877
684     dubious 120000000 131921738
685          ok  19000000  20300218
686          ok  75000000 118871849
687          ok  15000000  58269151
688      notalk  50000000  27669725
689          ok 150000000 292004738
690     nowomen  17500000  39687694
691          ok   7500000  17544812
692      notalk  16000000  23618786
693      notalk  25000000  13938332
694          ok 150000000 256393010
695      notalk  20000000  18354356
696          ok   7000000 143495265
697          ok  27500000 148761765
698          ok  12500000   5956480
699      notalk 110000000 134529403
700         men  21500000  49033882
701         men  40000000  50572589
702     dubious  25000000  74273505
703          ok  28000000  43107979
704     dubious    450000 107918810
705          ok   7300000   4443403
706          ok 300000000 309420425
707          ok  20000000  47852604
708     nowomen 150000000 206445654
709          ok  45000000  50648679
710      notalk 180000000 140125968
711      notalk  60000000  47003582
712          ok 160000000 322719944
713          ok  11400000     15000
714          ok  70000000  38634938
715      notalk  40000000   3688560
716      notalk  17500000 121463226
717          ok  16500000  11892415
718     dubious   2000000    347578
719      notalk  45000000  93466502
720          ok 205000000  70107728
721     nowomen  20000000  15800078
722      notalk    200000      #N/A
723          ok  16000000  35374833
724          ok  13000000  25593755
725      notalk  32000000  35193167
726          ok   9000000   6623082
727         men     50000    251150
728          ok  72500000 183135014
729     dubious   4000000   9427026
730     nowomen  25000000  40222514
731      notalk  35000000  54149098
732      notalk 151000000 319246193
733          ok   6537890      8744
734          ok   1500000  19097550
735     nowomen  28000000  28563179
736      notalk  10000000      #N/A
737     nowomen  60000000 210614939
738      notalk  20000000   5501616
739          ok   8000000  18848430
740          ok  12000000  18597342
741          ok  35000000      #N/A
742          ok   9000000  16235738
743      notalk 100000000  57377916
744      notalk   8000000  12671300
745      notalk  18000000 128505958
746          ok   4000000   7006708
747      notalk  70000000 244082982
748      notalk 102000000 167365000
749          ok  76000000  35552383
750     dubious   5000000  24148068
751     nowomen  12000000  27838408
752     nowomen   2000000  11284657
753          ok  30000000    480314
754          ok  16000000  37634615
755      notalk 100000000  75030163
756         men   8000000    298110
757          ok  25000000  54098051
758     nowomen 149000000  64665672
759          ok  12000000   5549923
760          ok   6500000  13368437
761      notalk  75000000 195330621
762          ok  15000000  12669914
763     dubious  50000000  88634237
764      notalk  11000000  72778712
765         men  75000000  42285169
766          ok  45000000  38399961
767      notalk  13000000  13756082
768          ok  14000000   5463019
769          ok   8000000  59891098
770          ok    825000      #N/A
771      notalk  27000000  22495466
772      notalk  20000000  37442180
773          ok  40000000  15962471
774          ok  30000000   3005605
775          ok  75000000  73661010
776     nowomen  32000000  80197993
777          ok 110000000 250863268
778          ok  27500000  17510118
779         men    150000   9445857
780      notalk  85000000  85105259
781     dubious  13000000   4857374
782          ok  63700000   2223293
783         men 225000000 423315812
784         men 160000000  60674817
785          ok    400000   1692693
786          ok   5300000   2197694
787          ok  12000000   6860000
788         men  25000000  33889159
789     dubious   2000000    199176
790          ok   2000000   1985292
791          ok  50000000  46982632
792          ok  15250000   7802450
793     dubious  17000000  35662731
794          ok  33000000  34020814
795          ok  17000000    275380
796          ok  20000000  26910736
797          ok  30000000  40435190
798      notalk 232000000 200120000
799          ok  30000000  34742066
800         men  45000000  28142535
801      notalk  52000000 118806699
802      notalk 125000000 217536138
803          ok   3300000     19875
804      notalk  90000000 133311000
805          ok  35000000 124740460
806     dubious  35000000  10144010
807          ok  20000000  39143839
808      notalk   3700000   2730296
809          ok  85000000  63280000
810          ok  50000000  26623701
811     nowomen  16500000  39868642
812     dubious  40000000  52330111
813     dubious  19400000   8060487
814      notalk  40000000  53089891
815     nowomen  55000000 162586036
816     dubious  15000000  56441711
817      notalk   8300000   1829142
818      notalk  30000000  18522064
819          ok   9400000  12899867
820      notalk  65000000  43545364
821          ok  15000000  47860214
822      notalk   1000000    446165
823          ok 210000000 234362462
824      notalk  54000000  75802010
825          ok  35000000  11989328
826          ok  22000000   4398532
827          ok  55000000  25857987
828          ok  30000000  20040895
829      notalk 150000000 205343774
830          ok  25000000  36351350
831          ok  80000000  63313159
832     dubious  25000000   2405420
833         men  20000000  46752382
834          ok   2900000   3127472
835      notalk    450000   2075743
836      notalk  13900000  83043761
837     dubious   7000000  28750530
838          ok 150000000 206459076
839          ok   4500000    211667
840         men  88000000  61649911
841          ok  45000000  67264877
842      notalk  75000000  75976178
843     nowomen    450000    379418
844     dubious  30000000  53359111
845          ok  35000000  19294901
846      notalk  43000000  24537621
847          ok  60000000  25473093
848      notalk   8000000     23106
849          ok  50000000  10169202
850      notalk  70000000  28212337
851      notalk  87500000 154696080
852          ok  55000000  89706988
853          ok 140000000 110550000
854      notalk   7000000  31501218
855          ok    950000   1024640
856      notalk 150000000 290013036
857          ok  50000000  66010682
858          ok  25000000  51100486
859         men  55000000 177784257
860          ok  17500000  51386611
861      notalk   4800000  47326473
862     dubious   2800000  22202809
863          ok  25000000  24381334
864     nowomen  72000000  62647540
865          ok   1000000   2678010
866          ok  58000000  48318130
867     nowomen 207000000 218080025
868     nowomen 110000000  47398413
869      notalk  15000000   4235837
870         men  42000000  24149632
871     nowomen  75000000 193595521
872          ok  50000000  19699706
873          ok  15000000  23089926
874          ok   2000000   3885134
875          ok  85000000  57010853
876          ok   4000000    864959
877          ok  60000000  48478006
878         men 110000000 186336279
879      notalk  75000000  47379090
880          ok  30000000  18324242
881      notalk  65000000   2070920
882          ok  28000000  38372662
883          ok  20000000   7535331
884          ok  26000000  57891803
885          ok  40000000  29077547
886      notalk  80000000 128200012
887     dubious   5000000  87025093
888          ok  39000000  25514517
889         men   7500000  10284523
890          ok  40000000  74103820
891          ok    300000     33312
892          ok  60000000  63939454
893      notalk 100000000  17018422
894      notalk 115000000 380270577
895      notalk 138000000  32116746
896          ok   2000000   2072645
897      notalk   7500000  24793509
898         men  26000000 109449237
899      notalk  50000000  39177684
900          ok  18500000  65233369
901          ok   1500000    712294
902          ok 180000000 291710957
903          ok  25500000  33579798
904          ok   7000000  26024456
905          ok   7000000  17044981
906          ok  18000000  75072454
907          ok  18000000  29511112
908      notalk  45000000  51019112
909          ok 120000000  35818913
910         men  28500000   6301131
911      notalk  80000000  45575336
912     dubious  30000000  12712093
913          ok  50000000  75941727
914          ok  40000000  47907715
915         men   1500000   7372734
916          ok  15000000  31726995
917          ok   1000000   9015303
918         men   4750000   1253413
919          ok  50000000  70511035
920          ok   1125000  16124543
921          ok  29000000 119519402
922      notalk 132000000 234280354
923          ok   3000000   5529144
924      notalk  10000000  56094360
925          ok  45000000  53359917
926     nowomen  65000000  28045540
927          ok  30000000  57139723
928          ok  12000000   1442338
929         men  75000000 120776832
930          ok  19000000  51438175
931     dubious   6500000   1029017
932          ok  55000000   6167817
933         men  25000000  84136909
934      notalk 110000000  24004159
935     dubious  70000000  80281096
936     nowomen  15000000   1200216
937     nowomen   2000000   5792822
938          ok  50000000  40203020
939          ok 100000000  40202379
940          ok  45000000  32003620
941          ok  35000000  33987757
942     nowomen  60000000 100170152
943          ok  20000000   8047525
944          ok   7303082  55334418
945          ok   3500000     96793
946          ok  28000000  58990765
947          ok  30000000 114326736
948          ok  35000000  22913677
949         men  20000000  34366518
950          ok  10000000     70527
951          ok  25000000  51676606
952     nowomen  75000000  21009180
953          ok   2500000  26782316
954          ok   9000000  18225165
955          ok 130000000 249538952
956      notalk  60000000  59623958
957          ok 110000000  50026353
958          ok  22000000  12784713
959      notalk 105000000 144801023
960      notalk  26000000  45489752
961          ok  11000000  10214647
962     nowomen  20000000  17104669
963      notalk   6500000   2339957
964          ok 100000000 118627117
965          ok   3200000   6529624
966          ok  18000000  86047227
967          ok  30000000 100492203
968      notalk  28000000  64378093
969          ok   1700000   1000915
970      notalk    400000  44540956
971      notalk  40000000  14018364
972      notalk      7000    424760
973          ok  50000000  37485528
974     dubious  40000000  75305995
975          ok  50000000  50740078
976          ok   5000000   8886160
977         men   1200000  55185045
978      notalk  40000000  47958031
979      notalk  75000000 161412000
980          ok   5000000  13542874
981          ok  70000000 441226247
982          ok  17000000  71502303
983          ok  70000000  37760080
984          ok  75000000  42044321
985      notalk 200000000 373524485
986         men  20000000  32774834
987      notalk 110000000 102608827
988         men  85000000 176087450
989         men  13000000  57924679
990         men 120000000  57712751
991          ok 125000000 186740799
992          ok  10000000 110359362
993          ok  92000000 261441092
994         men  50000000  24006726
995     dubious  30000000  81001787
996         men  55000000  51225796
997      notalk 170000000 194949659
998          ok  45000000  95149435
999          ok 100000000  59475623
1000     notalk  75000000  77073959
1001         ok  71682975 114197520
1002     notalk  30000000  16323969
1003     notalk 150000000 133298577
1004         ok 170000000 120150546
1005         ok  11000000   3753806
1006         ok  20000000  69148997
1007         ok  35000000  16862585
1008     notalk  76000000 127120058
1009    dubious  20000000  16248701
1010     notalk  70000000  66432867
1011         ok  20000000   2353728
1012         ok  81000000 242704995
1013         ok 120000000 100814328
1014         ok  80000000  95632614
1015     notalk  25000000  34657731
1016         ok  60000000 104148781
1017    nowomen  80000000 102543518
1018     notalk   7000000  32539681
1019    nowomen  68000000  33685268
1020         ok  26000000  46896664
1021     notalk  94000000 380529370
1022         ok  26000000 110222438
1023         ok  12000000  11634362
1024         ok   6400000   4063859
1025        men  20000000  67383924
1026     notalk  75000000  30207785
1027         ok  16500000  13005485
1028        men  50000000 105807520
1029     notalk 137000000 132177234
1030     notalk  28000000  52131264
1031         ok  12000000   4717455
1032         ok  25000000  35623801
1033         ok  55000000  70098138
1034    nowomen  90000000  65653758
1035         ok  25000000  90639088
1036         ok   2000000   7301288
1037    dubious   4000000  44585453
1038         ok  45000000  59472278
1039    nowomen 135000000  93926386
1040         ok  65000000  63803100
1041         ok   5000000  34469210
1042         ok  30000000  90135191
1043         ok 100000000  48417850
1044        men 125000000 305411224
1045         ok  28000000  38372662
1046         ok  70000000 116877597
1047         ok  45000000 110000082
1048     notalk  30000000  42070939
1049     notalk  50000000  60470220
1050        men   6000000   2207975
1051        men  60000000  26483452
1052    dubious  80000000 124685242
1053         ok  40000000 111760631
1054         ok   7800000  10130108
1055         ok 170000000 150358296
1056         ok  85000000  31111260
1057     notalk  60000000 106126012
1058    nowomen  20000000  47901582
1059    nowomen 140000000 111110575
1060    nowomen  78000000  66465204
1061     notalk  94000000 377845905
1062         ok 127000000 281553689
1063         ok 110000000 139259759
1064         ok  65000000  26900336
1065    dubious  20000000  81261177
1066         ok   2000000   4601043
1067     notalk  80000000  19480739
1068         ok    750000     41196
1069    dubious  22000000  51970690
1070         ok  10000000  15417771
1071         ok 125000000 214949694
1072        men   4500000  13084595
1073         ok   8000000  45064915
1074         ok   8000000   3076425
1075     notalk  41000000 116724075
1076     notalk  30000000  65005217
1077    dubious  18500000  22498520
1078         ok   9000000    184255
1079     notalk  12500000  21078145
1080     notalk  63000000 213117789
1081         ok   5600000  32543449
1082     notalk  54000000  81676888
1083         ok  30000000  40118420
1084         ok   1500000  21158188
1085         ok  30000000  35266619
1086     notalk  52000000 164606800
1087         ok  30000000 170687518
1088         ok  12000000  37188667
1089        men  50000000   8355815
1090        men 142000000 160942139
1091     notalk  20000000  56398162
1092     notalk  20000000   1190018
1093         ok  13500000  15901849
1094        men  12000000  25885000
1095         ok     30000     77070
1096     notalk  97000000  77730500
1097    nowomen   7000000    254683
1098         ok 100000000 261987880
1099         ok  42000000  41543207
1100     notalk  70000000  33561137
1101    nowomen  65000000 176387405
1102        men   9000000   4777465
1103     notalk  46000000  67263182
1104         ok  80000000 145771527
1105         ok  55000000  93932896
1106         ok   1750000    145540
1107     notalk 140000000 190418803
1108     notalk 102000000 132024714
1109        men  50000000 126293452
1110         ok   5000000 241438208
1111         ok  48000000  95308367
1112     notalk  11000000  46566212
1113         ok  35000000  30307804
1114         ok   7000000   6199600
1115         ok   3000000   5853194
1116     notalk  78000000  92955420
1117     notalk  60000000  43061982
1118         ok  35000000  40119709
1119         ok  84000000 153294164
1120     notalk  70702619 227965690
1121     notalk  32000000  81150692
1122     notalk  47000000  14970038
1123     notalk 139000000 403706375
1124    nowomen  80000000  73215310
1125         ok   4500000    410241
1126         ok  38000000  85846296
1127     notalk  60000000  43254409
1128    dubious 115000000 310676740
1129        men 100000000   4411102
1130         ok  10000000  30306281
1131     notalk  60000000 121468960
1132     notalk  12000000   1779284
1133         ok   8000000  14018296
1134         ok  25000000  41675994
1135         ok  15000000   8378141
1136     notalk  94000000 342548984
1137         ok  25000000  11411644
1138        men  20000000  12987647
1139         ok  48000000 129094024
1140    dubious   4000000   6525762
1141     notalk  65000000 139225854
1142         ok  43000000  24430272
1143    nowomen  21000000  25296447
1144    nowomen  60000000  50586000
1145     notalk 100000000  38120554
1146         ok  15000000  19161999
1147         ok  60000000  93354918
1148         ok  70000000  78120196
1149         ok   4300000  20779666
1150         ok  16000000  16357770
1151     notalk  70000000 141930000
1152     notalk  78000000 170708996
1153        men  41000000  56083966
1154         ok  28000000  74058698
1155     notalk  35000000  13264986
1156        men  30000000  10965209
1157     notalk  90000000  78616689
1158     notalk  90000000  84052762
1159    nowomen  95000000 108638745
1160     notalk  30000000  52990775
1161         ok  25000000  71500556
1162         ok  50000000  54997476
1163    dubious   4500000   1270522
1164         ok  72000000 112950721
1165         ok  80000000  38311134
1166    dubious  35000000  31598308
1167         ok   5500000   6217849
1168         ok  18000000  41300105
1169         ok  87000000 165092266
1170         ok 125000000 317575550
1171         ok   6000000   3067312
1172         ok  10000000    226792
1173    nowomen  40000000   6114237
1174         ok  14000000  13121555
1175         ok  22000000  30059386
1176         ok  10000000  37904175
1177         ok  22000000  14252830
1178        men  48000000  47095453
1179     notalk  25000000  36833473
1180         ok   1500000   7025722
1181     notalk    700000   1140965
1182    nowomen  94000000 131144183
1183         ok  18000000  96493426
1184         ok    250000   4210379
1185    dubious  75000000   5409517
1186         ok   1200000  13876974
1187     notalk 115000000 289423425
1188         ok  53000000  57386369
1189         ok  15000000   7219578
1190         ok   6500000   6173485
1191     notalk  85000000 183417150
1192    dubious  70000000  13596911
1193        men 151500000 198539855
1194         ok  13000000  91038276
1195         ok  40000000  70836296
1196    nowomen  10000000    488872
1197     notalk  50000000 267655011
1198         ok  23000000  27338033
1199         ok  35000000 112692062
1200     notalk   3000000  18492362
1201     notalk  38000000 144512310
1202         ok  22000000  17951431
1203         ok   9000000    454255
1204     notalk 109000000 315544750
1205     notalk  72000000  27796042
1206    nowomen  49000000  43905746
1207         ok  17000000  96522687
1208         ok  30000000 108244774
1209         ok  28000000  52353636
1210         ok  28000000  60400856
1211     notalk  19000000  41867960
1212     notalk  45000000  76261036
1213        men  10000000  20384136
1214     notalk  70000000 100614858
1215         ok  28000000  45172250
1216         ok  43000000  37035515
1217         ok  60000000  32522352
1218     notalk   8000000  15070285
1219         ok  50000000  19452138
1220         ok   6000000  18621249
1221         ok   5000000  21995263
1222     notalk   9000000  16963963
1223         ok  10000000  68353550
1224     notalk  85000000 233632142
1225         ok  10000000   1276984
1226         ok  18000000  17200925
1227         ok  90000000 125305545
1228         ok  42000000 106793915
1229         ok  25000000  71309760
1230        men  45000000  60786269
1231         ok  12500000   4157491
1232        men  14000000  46729374
1233         ok  45000000  27447471
1234         ok  50000000 125548685
1235     notalk  23000000  53302314
1236    nowomen 103000000 187683805
1237     notalk 103300000 101643008
1238        men  20000000  27277055
1239         ok  90000000  73209340
1240     notalk  80000000  39442871
1241         ok  15000000  27441122
1242        men  55000000 166225040
1243     notalk   5000000  25544867
1244         ok  45000000 106807667
1245     notalk  90000000  60874615
1246    nowomen  26000000  45506619
1247         ok  23000000  39235088
1248        men  30000000  43746923
1249    nowomen  80000000  17480890
1250     notalk  30000000 115654751
1251         ok   4500000   3635482
1252    dubious  24000000  32662299
1253    nowomen  25000000  55973336
1254         ok  30000000  76501438
1255         ok   4000000  12178602
1256         ok  40000000  89138076
1257        men   4300000   6946056
1258     notalk  55000000  56932305
1259    nowomen  10000000  30093107
1260         ok   1800000   3050934
1261     notalk  50000000  39778599
1262        men  35000000  61280963
1263         ok 100000000  89296573
1264    dubious  10000000  12008642
1265    dubious 110000000 113330342
1266    nowomen  95000000  50802661
1267        men   9000000   6047856
1268         ok  24000000  57262492
1269     notalk  80000000  34566746
1270         ok  75000000  22751979
1271    nowomen  73243106  94999143
1272     notalk    225000   1032075
1273     notalk  75000000  68473360
1274         ok  90000000 155464351
1275     notalk  65000000 182805123
1276         ok  15000000  33771174
1277         ok  15000000 128067808
1278     notalk  75000000 157299717
1279         ok  13000000  38177966
1280     notalk  40000000  36443442
1281         ok  15000000 130058047
1282        men  12000000 101800948
1283     notalk  30000000 106885658
1284        men  75000000  39251128
1285    dubious  23000000  18653615
1286     notalk  35000000 206040085
1287         ok  13000000  22858926
1288         ok  10000000   5241315
1289     notalk  36000000  68208190
1290         ok   2000000  11540607
1291         ok   1200000   2205627
1292         ok  21000000  17760244
1293         ok  11000000  38230075
1294         ok  13000000   6276869
1295    dubious  10000000  30651422
1296         ok  10000000  10571408
1297         ok   8500000  14943582
1298         ok  65000000  55691208
1299     notalk  65000000  37030102
1300     notalk  27000000   4485485
1301        men  50000000  35188640
1302     notalk  45000000  71423726
1303         ok  24000000  28871190
1304         ok   6500000  16875273
1305         ok   3000000   3076820
1306     notalk  37000000  22450975
1307         ok  24000000  16304786
1308    nowomen  68000000  29762011
1309         ok  42000000 116089678
1310     notalk  10000000  10827813
1311     notalk  50000000  81526121
1312     notalk  30000000  85744662
1313     notalk  12000000   2062406
1314         ok  70000000 101068340
1315    dubious  21000000  52037603
1316         ok 115000000 474544677
1317     notalk 105000000 140015224
1318        men 145000000 171091819
1319    dubious 125000000  32698899
1320         ok    600000 140539099
1321    nowomen   7000000     30471
1322     notalk  60000000 136801374
1323         ok  80000000  91188905
1324    nowomen  50000000  23159305
1325         ok  65000000 171479930
1326     notalk  80000000 155385488
1327    dubious  40000000 293506292
1328    dubious  40000000  81292135
1329     notalk  20000000  10570375
1330         ok  20000000   6201757
1331     notalk  90000000 245852179
1332    dubious  75000000  14010690
1333        men 175000000 113805681
1334        men  30000000  11578022
1335     notalk  13000000  16757163
1336         ok  45000000 162798565
1337        men  10000000   6719864
1338     notalk 140000000 201578182
1339         ok  53000000  22852487
1340     notalk  45000000  70141876
1341     notalk  25000000  32404188
1342     notalk   1500000   2380606
1343     notalk  27000000  14435076
1344         ok  80000000 140464664
1345     notalk  15000000  17507368
1346         ok  25000000  30082699
1347     notalk  85000000 111549836
1348         ok  26000000  65705772
1349     notalk  18500000  10680275
1350    dubious   1300000   1647780
1351        men   2000000   1152411
1352    dubious 125000000 136314294
1353         ok  17000000  55041738
1354         ok   3000000   2746453
1355         ok  30000000  60110313
1356         ok   6000000   4595000
1357     notalk   1350000   3897569
1358         ok  80000000  69117629
1359     notalk  60000000  32983332
1360    dubious  90000000 120620254
1361        men  48000000  37562568
1362        men     68000   3221152
1363         ok  60000000  46850558
1364         ok  65000000  39017984
1365         ok  40000000  22772500
1366     notalk  12000000  22921898
1367     notalk   1750000   7267324
1368         ok  35000000 141186864
1369     notalk  10000000  17105219
1370    nowomen   1000000     21210
1371    nowomen  65000000 216335085
1372         ok  26000000 100317794
1373     notalk  80000000  74339294
1374         ok   6000000  11911200
1375         ok   5000000   5502773
1376     notalk  40000000  55143823
1377         ok   2000000   6719300
1378     notalk  73000000  37068294
1379         ok  70000000  70187658
1380         ok  50000000  91137662
1381         ok  60000000  23385416
1382     notalk  15000000  17498804
1383    dubious  15000000  40283321
1384     notalk  35000000  56968169
1385     notalk  65000000  93828745
1386     notalk  50000000  44705766
1387     notalk  60000000 101413188
1388        men  20000000   1903434
1389     notalk  52000000  36400491
1390     notalk  60000000 125618201
1391         ok  22000000 176484651
1392         ok  14000000  38116707
1393    nowomen  20000000  20268825
1394        men   9000000   1053788
1395        men  20000000  29795299
1396         ok  65000000 115821495
1397         ok  28000000   8165213
1398     notalk   3000000  24646936
1399     notalk  85000000 172956409
1400         ok  60000000  47795018
1401         ok  53000000  58403409
1402         ok  50000000 148478011
1403        men  18000000  53883989
1404        men 125000000 107325195
1405    dubious  15000000  26410771
1406         ok  32000000   3588602
1407         ok    250000  12006514
1408         ok   2900000  85000000
1409         ok   2000000    537948
1410     notalk  80000000 101117573
1411        men  80000000  76118990
1412         ok  90000000 100920329
1413         ok   5000000  14843425
1414         ok  60000000  26673242
1415         ok  40000000  42071069
1416        men  80000000  92993801
1417         ok  50000000  48169156
1418     notalk  36000000  12532777
1419         ok  55000000 105263257
1420    nowomen  10000000 138433435
1421         ok  15000000  28084357
1422         ok  70000000  99112101
1423         ok  17000000  72250091
1424     notalk     25000   2883661
1425         ok  12000000  39673162
1426        men  27000000  60527873
1427     notalk  35000000  64604977
1428     notalk  45000000 181410615
1429     notalk  90000000 250690539
1430         ok  20000000   2374107
1431         ok  30000000  35927406
1432        men  35000000  43894863
1433        men  46000000 126813153
1434     notalk   1000000    582024
1435         ok  24000000 101363301
1436         ok  20000000  35450113
1437         ok  35000000   2221994
1438         ok  40000000  54979992
1439         ok 100000000  54768952
1440         ok  57000000  61007424
1441     notalk  95000000  63570862
1442     notalk  50000000  48265581
1443    dubious  75000000 229086679
1444    dubious  50000000  41263140
1445     notalk  80000000  17650704
1446         ok 200000000 658672302
1447         ok  90000000  47546796
1448    dubious   3400000     12636
1449         ok   4500000   3802260
1450    nowomen  65000000  70645997
1451     notalk  55000000  21226204
1452        men  57000000  51364680
1453         ok   5900000  22231658
1454     notalk  50000000  25426861
1455         ok  20000000  26792700
1456         ok   7000000  24567751
1457         ok   3000000    295493
1458     notalk  20000000  25728961
1459     notalk   2000000   1577287
1460         ok  13000000  26570048
1461         ok  75000000 306169255
1462     notalk  60000000  60592389
1463     notalk  25000000  25023424
1464         ok    250000    212285
1465         ok  80000000  37771017
1466     notalk  80000000 180981886
1467    dubious  14500000  46338728
1468         ok  15000000 103046663
1469         ok   4500000  13417292
1470         ok   9000000  36049108
1471     notalk  80000000  90463534
1472     notalk  18000000  26936265
1473         ok  46000000  92027888
1474    dubious  50000000  33109743
1475         ok   2500000  25857416
1476     notalk  47000000  60240295
1477         ok  15000000  24769466
1478         ok  35000000  78716374
1479     notalk  55000000  18582965
1480         ok  30000000 105489203
1481     notalk  45000000  20404841
1482     notalk 100000000 100138851
1483     notalk  65000000  33447612
1484         ok  42000000  41267469
1485     notalk  75000000 134069511
1486        men   3100000  16501785
1487         ok  88000000 241888385
1488         ok   1000000   1287480
1489         ok    300000   1652472
1490         ok  65000000 172070496
1491     notalk  50000000  30306268
1492     notalk 100000000 184031112
1493    nowomen   2500000   5274005
1494        men  72000000  75545647
1495        men  52000000  42438300
1496         ok  55000000 100328194
1497         ok  13700000  56598476
1498    nowomen  50000000  81022333
1499    dubious  20000000  32051917
1500     notalk  90000000 100012499
1501     notalk   4000000   4301000
1502         ok  20000000  17468887
1503         ok  65000000 100458310
1504     notalk   6100000   2108367
1505     notalk  20000000  70433227
1506         ok  50000000  67823573
1507         ok  55000000 141579773
1508         ok  28000000  38372662
1509         ok  58000000  53458319
1510         ok  33000000  17142080
1511     notalk  30000000 100125643
1512         ok  16500000  42993774
1513         ok  40000000  20350754
1514    dubious  35000000  60054449
1515         ok  25000000   4064333
1516         ok  62000000  60022813
1517         ok  22000000  71516617
1518         ok    250000   2210408
1519         ok  22000000  50621733
1520     notalk  32000000  18552460
1521     notalk   6000000  23341568
1522     notalk  30000000 191780865
1523     notalk  29000000  57141459
1524    nowomen 175000000  88246220
1525         ok    800000   4198137
1526        men  12000000  72217396
1527    nowomen  50000000  42586861
1528     notalk     27000   3073428
1529         ok  14000000  13024170
1530        men  16000000 127175374
1531         ok  18000000   5828466
1532     notalk  55000000 329694499
1533         ok  30000000  66502573
1534         ok  15000000  50003303
1535        men  30000000  51041856
1536     notalk  10000000    126247
1537         ok  60000000  29136626
1538         ok   8000000 107928762
1539         ok  30000000 121248145
1540     notalk  55000000  71565669
1541         ok  35000000  33423000
1542         ok  45000000  92115211
1543     notalk  40000000   2816518
1544     notalk  79300000 422780140
1545     notalk  18000000 119920129
1546     notalk  22000000 144833357
1547    nowomen  40000000  31835600
1548    nowomen  25000000  28241469
1549     notalk  45000000  57362581
1550     notalk  28000000  44853581
1551     notalk 100000000 146282411
1552     notalk  65000000  84049211
1553     notalk  14000000  68856263
1554         ok   6900000   7950889
1555    nowomen  25000000  10731997
1556        men  14600000  70906973
1557         ok  28000000  39360491
1558         ok  63000000 395708305
1559         ok  25000000 219195051
1560         ok    300000   2528664
1561         ok  25000000  96067179
1562    dubious  42000000  20844907
1563         ok  34000000  32014993
1564        men  44000000 183875760
1565    nowomen  24000000    669276
1566    nowomen  15000000  22954968
1567         ok  25000000  56505065
1568     notalk  33000000 141340178
1569         ok  40000000 107533925
1570    nowomen  28000000 217350219
1571    nowomen  55000000  54927174
1572        men  11000000  11502976
1573    nowomen  80000000 162833635
1574         ok   7000000  14231669
1575         ok  55000000  58422650
1576    nowomen      7000   2040920
1577    nowomen  12500000  10725228
1578     notalk  42000000  19487173
1579     notalk  20000000 173585516
1580    dubious  35000000  48169910
1581     notalk  11000000  52929168
1582    nowomen   1200000   2832029
1583        men   4000000  62546695
1584     notalk  10000000  50752337
1585     notalk  12000000  27281507
1586         ok   8000000  21706101
1587     notalk  20000000 121697323
1588         ok  20000000 218951625
1589     notalk  20000000  37537675
1590        men  70000000 119654823
1591         ok  65000000  17218916
1592    dubious  50000000 165493908
1593         ok     23000   1227508
1594        men  27000000  74888996
1595         ok  25000000  78656813
1596    dubious 100000000 204859496
1597         ok  30000000 113502246
1598     notalk  23000000  86930411
1599         ok  20000000 130726716
1600     notalk  14000000  34729091
1601     notalk  40000000  87666629
1602         ok  13000000  26904572
1603    nowomen   7000000   4372561
1604    dubious  70000000 117323878
1605         ok  20000000  53976987
1606         ok  26000000  61308153
1607        men  22000000 217631306
1608        men  25000000  46743809
1609        men  15000000 285761243
1610         ok   7000000   5017971
1611        men  35000000  28317513
1612         ok  14000000 178406268
1613     notalk  30000000 120709866
1614     notalk 125000000  58877969
1615         ok  10000000  16667084
1616         ok  40000000 118450002
1617     notalk  35000000 251188924
1618        men  10000000  40485039
1619     notalk  16400000  95860116
1620         ok   9000000  10161099
1621    nowomen  48000000 197171806
1622        men  42000000  34667015
1623     notalk  11000000  49793054
1624     notalk  10000000  30050028
1625        men   1200000  24741667
1626     notalk  30000000  52210049
1627         ok  70000000  54243125
1628         ok  18000000   7190505
1629     notalk   5000000   6157157
1630     notalk   7000000  20257000
1631     notalk   8000000     19585
1632         ok  15000000  73326666
1633     notalk   1500000  11806119
1634         ok   9000000  33244684
1635         ok  14000000  34700000
1636         ok  28000000  81350242
1637        men  30000000  38413606
1638         ok  16000000  13854000
1639         ok   6000000  12793213
1640         ok   9500000  14114000
1641     notalk  25000000 172825435
1642         ok  32000000  60328558
1643         ok  12300000  48092846
1644        men   7000000   8373585
1645    nowomen   4000000  13000000
1646        men  15000000 111936388
1647     notalk  70000000 154112492
1648     notalk  13000000  44726644
1649     notalk  20000000 153665036
1650    dubious   3500000   5923044
1651    dubious  14000000 156645693
1652     notalk  13000000 123922370
1653         ok   1000000  14564000
1654     notalk  15000000  65192350
1655    nowomen  18000000  59735548
1656     notalk  16000000  14792779
1657     notalk 120000000  54764805
1658    dubious  22700000  38119483
1659         ok  17000000  11227824
1660    dubious  25000000  43984000
1661     notalk   8500000  32222567
1662        men  15000000  30857000
1663         ok  17000000  85160248
1664    dubious   5000000 174803506
1665         ok  16000000   5900000
1666    dubious  30000000  16295774
1667     notalk  30000000  38747385
1668         ok  18000000  41382841
1669    nowomen   6000000 137963328
1670    nowomen   8000000  52287414
1671         ok  15000000   1953732
1672        men  15000000 179800601
1673     notalk  19000000 210609762
1674         ok  15000000   9929135
1675     notalk  10000000  35073978
1676    nowomen  18000000      #N/A
1677    nowomen  20000000  18400000
1678    dubious  25000000  15502112
1679        men    400000      #N/A
1680         ok  17900000   6905861
1681         ok  27000000  10618813
1682         ok  15000000  93589701
1683        men  35000000  63075011
1684         ok  18000000  51973029
1685    nowomen  15000000 234760478
1686        men  10000000   8801940
1687    dubious  18000000  26400000
1688    dubious  45000000  27447471
1689         ok   2600000  32980880
1690     notalk  30000000 238632124
1691     notalk  11000000 148168459
1692    nowomen  28000000 179880271
1693    dubious   4500000  81198894
1694        men   1500000   2300000
1695     notalk   8000000  62599495
1696     notalk  18000000  76471046
1697         ok  40000000 176591618
1698        men   6400000  38019031
1699         ok   7000000  90463574
1700    nowomen  32500000 309205079
1701         ok  39000000  59950623
1702        men   5952000   2120439
1703     notalk  12000000  74433837
1704     notalk  28000000  32656328
1705         ok  12500000   7000000
1706     notalk  20000000  38264085
1707     notalk   5000000  12592907
1708    dubious  10500000 435110554
1709        men   4500000  27092880
1710    nowomen  14000000  47212904
1711    dubious   2250000  36690067
1712         ok  10700000  74706019
1713        men   4000000 109492484
1714    dubious  12000000  79912963
1715         ok  20500000  69701637
1716     notalk  15000000 177200000
1717    nowomen  17000000  26918576
1718    nowomen  12000000  11487676
1719    nowomen   6000000  25244700
1720     notalk   1250000  21722776
1721         ok   2500000  25533818
1722     notalk   9300000  19571091
1723     notalk  11000000  31672000
1724    nowomen  20000000 248159971
1725     notalk    375000   2400000
1726     notalk  12000000  37400000
1727    dubious   3500000  83453539
1728         ok  20000000   2000000
1729         ok  18000000  22455510
1730    dubious  35000000  27107960
1731        men  17000000  65002019
1732    nowomen  44000000   3484331
1733         ok  15000000  69847348
1734     notalk  18000000  23380203
1735        men   5100000   9709597
1736    nowomen  23000000 290271960
1737    dubious  54000000 108185706
1738     notalk  27000000  57229890
1739         ok  18000000  29511112
1740        men  19000000  44017374
1741         ok   9000000  80930630
1742    nowomen  31500000  78800000
1743     notalk  31000000  70300000
1744     notalk  35000000  82258456
1745         ok  18500000  65233369
1746        men   3000000 141600000
1747    nowomen  28000000  58990765
1748         ok   3000000   3446749
1749         ok   6000000 181813770
1750    dubious  15000000  58269151
1751    nowomen   1750000     93051
1752     notalk  55000000 134218018
1753     notalk  15000000  50000000
1754     notalk  26000000  50800000
1755         ok   4000000  38251425
1756     notalk  20000000 166000000
1757    nowomen    100000   7000000
1758     notalk   3400000  31063038
1759         ok   6000000     65108
1760     notalk  11000000 460998007
1761     notalk  30000000  20040895
1762         ok   3000000  13200000
1763        men   7000000  25000000
1764         ok   3800000  23689877
1765     notalk   1000000 117235147
1766     notalk   4400000  36145695
1767         ok  10000000  24397469
1768     notalk   1000000  28262574
1769     notalk  11000000  20000000
1770     notalk  12000000 260000000
1771        men    400000   3427696
1772        men   4400000 108981275
1773    dubious   1200000 139876417
1774         ok   9000000  16235738
1775     notalk   2600000 119500000
1776     notalk   1600000   4420000
1777         ok  13000000  57300000
1778     notalk    140000  26572439
1779     notalk    140000  26572439
1780        men   2800000  86300000
1781        men    777000 115000000
1782     notalk  15700000  15700000
1783     notalk   2000000  18344729
1784         ok  12000000 204868002
1785     notalk   5500000 159616327
1786     notalk   4000000      #N/A
1787         ok     12000    413802
1788     notalk   7000000 134966411
1789     notalk   2500000  12300000
1790     notalk  53012938  70327868
1791     notalk  25000000  10324441
1792     notalk   2200000  41158757
1793        men   3000000   4000000
1794         ok   1000000   9000000
